2 0.337977 0.18609 0.0159725 0.0210085 8
2 0.525458 0.526512 0.161447 0.23376 72
2 0.942367 0.722095 0.115266 0.276801 74
2 0.721978 0.508036 0.172932 0.222049 91
2 0.276133 0.291946 0.0607372 0.0771028 118
2 0.444953 0.349139 0.081844 0.0987686 184
2 0.571914 0.249881 0.034252 0.043701 190
7 0.161664 0.162876 0.0330242 0.0790551 123
2 0.358585 0.291144 0.0593479 0.0745117 205
2 0.417449 0.207443 0.0260372 0.0382498 97
2 0.196308 0.214675 0.0315713 0.0405092 216
2 0.217335 0.198312 0.0246698 0.0374965 235
2 0.494551 0.229107 0.0247801 0.0312074 242
2 0.456238 0.222725 0.0281071 0.0358919 134
2 0.192508 0.18103 0.0196925 0.0277464 260
2 0.953135 0.353856 0.0738698 0.0747073 289
