2 0.334483 0.185132 0.0140442 0.0217038 8
2 0.625613 0.620674 0.210623 0.295277 72
2 0.873051 0.600166 0.23345 0.283047 91
2 0.295783 0.306029 0.066201 0.0861486 118
2 0.485663 0.374476 0.0924568 0.112892 184
2 0.554812 0.244853 0.0327709 0.0420919 190
7 0.163124 0.163157 0.0362165 0.0813102 123
2 0.38092 0.303644 0.0649812 0.0815527 205
2 0.408536 0.204455 0.0244184 0.0347687 97
2 0.205434 0.219007 0.0330924 0.0425894 216
2 0.223142 0.199403 0.023665 0.039312 235
2 0.482803 0.225235 0.0233947 0.029661 242
2 0.443976 0.218344 0.0260345 0.03439 134
2 0.195248 0.182428 0.0200186 0.028776 260
2 0.892047 0.335697 0.0643742 0.0684971 289
2 0.0926576 0.158692 0.0194728 0.0235644 276
