2 0.359254 0.189753 0.0166629 0.0233168 8
2 0.800416 0.543734 0.198928 0.263824 17
2 0.532284 0.544985 0.168302 0.205327 38
2 0.323225 0.330466 0.0768156 0.111982 72
2 0.496927 0.372121 0.0923573 0.110221 74
2 0.419701 0.316877 0.0790576 0.108763 91
2 0.212709 0.241014 0.043082 0.0547379 118
2 0.329307 0.270115 0.0507631 0.0608686 184
7 0.67771 0.276582 0.0446688 0.0520711 190
7 0.154191 0.15465 0.0292311 0.0668197 123
2 0.289121 0.244389 0.0427567 0.0525566 205
7 0.471114 0.221301 0.0312298 0.0431353 97
2 0.161872 0.193474 0.0239407 0.0328455 216
2 0.199687 0.183219 0.0229214 0.0315223 235
2 0.560028 0.244699 0.028545 0.036839 242
2 0.528913 0.239739 0.033307 0.0438579 134
2 0.179686 0.173772 0.0194419 0.0276987 260
