2 0.371067 0.196898 0.0171706 0.0245237 8
2 0.552064 0.39766 0.114611 0.167159 17
2 0.953086 0.717697 0.0938276 0.253918 34
2 0.393538 0.408304 0.105217 0.1347 38
2 0.276513 0.291069 0.0612202 0.0908501 72
2 0.405069 0.317268 0.0694756 0.0840595 74
2 0.353468 0.281197 0.060775 0.082565 91
2 0.191537 0.228194 0.0393693 0.0487625 118
2 0.297725 0.254319 0.0388363 0.0557316 184
7 0.752696 0.300711 0.0522999 0.059614 190
7 0.151042 0.155499 0.0279182 0.0628751 123
2 0.265294 0.232165 0.0347162 0.0455807 205
7 0.505889 0.235703 0.0351094 0.0473861 97
2 0.148819 0.189856 0.0233631 0.031838 216
2 0.192185 0.182676 0.0211976 0.0291954 235
2 0.579188 0.259504 0.0381404 0.0473764 231
2 0.605717 0.260169 0.0250185 0.0390069 242
0 0.46326 0.197768 0.00781244 0.030383 243
