2 0.864824 0.864567 0.270352 0.256839 7
2 0.406639 0.20795 0.0202198 0.0282251 8
2 0.355508 0.194078 0.0177457 0.0283044 9
2 0.637479 0.461747 0.137687 0.182604 10
2 0.336933 0.273389 0.0582504 0.0833324 17
2 0.432384 0.341225 0.0754258 0.0946351 34
2 0.26087 0.282844 0.0546085 0.0716784 38
2 0.211249 0.240111 0.0392696 0.0565685 72
2 0.291046 0.249535 0.0371097 0.0498959 74
2 0.263107 0.22676 0.0337056 0.0436258 91
7 0.636833 0.274565 0.0487398 0.0608127 97
2 0.149372 0.203904 0.0284853 0.0364601 118
2 0.751492 0.301782 0.0373892 0.0457129 121
7 0.784214 0.317838 0.0637223 0.0681131 134
0 0.463287 0.199998 0.00942984 0.0316656 139
7 0.143387 0.151926 0.0219452 0.0514336 123
2 0.24101 0.22185 0.0250758 0.0392989 184
