2 0.339709 0.185897 0.0156106 0.0210193 8
2 0.500994 0.503031 0.149704 0.216035 72
2 0.910327 0.669104 0.179346 0.24927 74
2 0.683964 0.483184 0.158938 0.20998 91
2 0.270073 0.286809 0.0592568 0.075602 118
2 0.433361 0.340888 0.0784401 0.0966214 184
2 0.578218 0.25096 0.034885 0.0441772 190
7 0.160668 0.161756 0.0329833 0.0784011 123
2 0.352192 0.286817 0.0569036 0.0713839 205
7 0.421004 0.207995 0.0252996 0.0380837 97
2 0.193691 0.212302 0.0312431 0.0402565 216
2 0.215841 0.19644 0.0239574 0.0387867 235
2 0.498418 0.229841 0.0249877 0.0324591 242
2 0.460644 0.22324 0.028081 0.0363672 134
2 0.190937 0.180295 0.0212929 0.0278712 260
2 0.0851594 0.1586 0.0201302 0.0247629 276
2 0.968904 0.357898 0.0621911 0.0741406 289
