2 0.401147 0.203847 0.0198075 0.0270627 8
7 0.351596 0.190053 0.0182589 0.0274914 9
2 0.726579 0.514754 0.1661 0.216565 10
2 0.353252 0.279201 0.0622162 0.0887113 17
2 0.465529 0.359665 0.0842825 0.104185 34
2 0.271355 0.289261 0.0585262 0.0767591 38
2 0.217918 0.242236 0.0409537 0.0590349 72
2 0.302049 0.252872 0.039332 0.0523037 74
2 0.272325 0.229278 0.0372139 0.0467338 91
7 0.613443 0.265003 0.0456077 0.0576959 97
2 0.15325 0.202814 0.0286813 0.0375057 118
7 0.741803 0.303135 0.0662647 0.0658993 134
2 0.248071 0.22179 0.0266605 0.0377102 184
2 0.0744787 0.159751 0.0174575 0.0193487 186
2 0.988147 0.365659 0.0222844 0.0695953 190
7 0.144171 0.148576 0.0221125 0.0501757 123
