2 0.342248 0.186023 0.015636 0.0227893 8
2 0.458228 0.457598 0.130998 0.194603 72
2 0.823665 0.587756 0.202544 0.212728 74
2 0.620519 0.442686 0.137915 0.183577 91
2 0.259312 0.276695 0.0564052 0.0726425 118
2 0.412009 0.324855 0.0731807 0.0886294 184
2 0.59068 0.252199 0.0353655 0.0455583 190
7 0.159985 0.159076 0.033655 0.0767975 123
2 0.340125 0.278016 0.0547019 0.0683312 205
7 0.427577 0.20864 0.0263645 0.0389422 97
2 0.187829 0.208303 0.0288369 0.0391711 216
2 0.213186 0.192121 0.0242768 0.0370723 235
2 0.506613 0.230617 0.0254844 0.0330792 242
2 0.46898 0.224369 0.0288475 0.0353929 134
2 0.189111 0.179463 0.022328 0.0302869 260
2 0.0818458 0.156022 0.0192849 0.0250157 276
2 0.991245 0.370853 0.0146872 0.0549981 289
