2 0.365977 0.195187 0.0171503 0.0237844 8
2 0.634266 0.447092 0.141046 0.197244 17
2 0.440466 0.454523 0.125285 0.161133 38
2 0.294386 0.306178 0.0664176 0.0992087 72
2 0.439806 0.338265 0.0780203 0.0927541 74
2 0.379357 0.294805 0.0682007 0.0918256 91
2 0.199747 0.234906 0.0402191 0.0514461 118
2 0.308379 0.263175 0.0463811 0.0612606 184
7 0.718023 0.290386 0.0483437 0.0564643 190
7 0.152025 0.155482 0.0279053 0.0647531 123
2 0.274816 0.238373 0.0387551 0.0471969 205
2 0.490067 0.231614 0.032778 0.0418139 97
2 0.153883 0.192214 0.0236974 0.0299654 216
2 0.195769 0.1844 0.0214626 0.0305118 235
2 0.5562 0.251773 0.0369513 0.0455461 231
2 0.585571 0.255032 0.0257552 0.0396861 242
7 0.557002 0.251585 0.0374276 0.0461715 134
