2 0.558778 0.585001 0.176416 0.20868 5
2 0.358163 0.196477 0.0171365 0.0242728 6
2 0.370176 0.394786 0.101697 0.132113 7
2 0.445947 0.21877 0.0230475 0.0318882 8
2 0.383096 0.200199 0.0195296 0.0301756 9
2 0.373206 0.298328 0.0635495 0.0892139 10
2 0.26392 0.229144 0.0373771 0.0560469 17
2 0.304855 0.262668 0.0458523 0.0561301 34
2 0.212365 0.237312 0.0385657 0.0497583 38
2 0.183954 0.212629 0.0307754 0.04301 72
2 0.237546 0.216817 0.0254651 0.0359137 74
7 0.321581 0.173806 0.0270258 0.0450907 2
2 0.220044 0.201522 0.0242743 0.0324959 91
7 0.865642 0.337423 0.0812689 0.0903082 97
2 0.127072 0.187092 0.0219635 0.03095 118
2 0.987603 0.368481 0.023897 0.0647959 121
