2 0.391357 0.200466 0.0187521 0.0267626 8
2 0.946621 0.699703 0.106758 0.315791 10
2 0.396378 0.303182 0.0729984 0.104026 17
2 0.557566 0.417924 0.109176 0.131385 34
2 0.298604 0.312625 0.068033 0.0910538 38
2 0.232073 0.253335 0.0457311 0.0682261 72
2 0.325307 0.268075 0.0484796 0.0624874 74
2 0.291999 0.243524 0.0423779 0.0591999 91
7 0.573409 0.253667 0.0412603 0.0529892 97
2 0.163973 0.209252 0.0322174 0.0404686 118
7 0.6812 0.285697 0.0497847 0.0581838 134
2 0.261504 0.229116 0.0303308 0.0423178 184
2 0.0851618 0.161451 0.0176563 0.0181854 186
7 0.911486 0.342045 0.072282 0.0755379 190
7 0.146153 0.144909 0.0241847 0.043762 123
2 0.240902 0.212321 0.0247805 0.0324404 205
0 0.463281 0.197224 0.00781053 0.0305533 139
