2 0.472846 0.529454 0.152895 0.195277 1
7 0.345737 0.181295 0.0321626 0.0510884 2
2 0.694606 0.499378 0.144535 0.184314 3
7 0.468374 0.351021 0.0997316 0.137342 4
2 0.301349 0.329175 0.0709543 0.0867213 5
2 0.391892 0.206144 0.0190758 0.0257361 6
2 0.251556 0.277657 0.0550962 0.0675901 7
2 0.504002 0.236073 0.0278769 0.036974 8
2 0.424812 0.211978 0.02299 0.032921 9
2 0.27544 0.241213 0.0362374 0.0566592 10
2 0.221646 0.204228 0.028231 0.0384715 17
2 0.243737 0.222461 0.0313617 0.0404817 34
2 0.183848 0.211154 0.0290978 0.0364443 38
0 0.464017 0.20226 0.0062631 0.0324192 42
