7 0.809174 0.557925 0.228374 0.275422 4
2 0.419952 0.446604 0.115434 0.141687 5
2 0.368732 0.198947 0.0179437 0.0257242 6
2 0.313467 0.339972 0.0786295 0.10287 7
2 0.463283 0.223723 0.0248151 0.0328237 8
2 0.395954 0.204331 0.0210856 0.0300542 9
2 0.328653 0.272934 0.0529636 0.0753377 10
2 0.24748 0.218948 0.0344994 0.0491155 17
2 0.279007 0.245695 0.0388331 0.0495175 34
2 0.200971 0.227723 0.0339747 0.0435513 38
2 0.176453 0.205281 0.0263018 0.041178 72
2 0.224166 0.209783 0.0229695 0.0327935 74
7 0.329461 0.176501 0.0288345 0.0466786 2
2 0.203153 0.194773 0.0296851 0.0304265 91
2 0.983874 0.375493 0.0312823 0.0855319 97
