2 0.552513 0.61069 0.192007 0.237245 1
7 0.34156 0.18062 0.0311647 0.0499251 2
2 0.825419 0.581376 0.190349 0.229481 3
7 0.515346 0.379698 0.115522 0.156949 4
2 0.320621 0.348314 0.0765343 0.0955692 5
2 0.385777 0.205193 0.0197761 0.0270224 6
2 0.261795 0.287973 0.0581513 0.0757143 7
2 0.494005 0.233997 0.0270436 0.0347006 8
2 0.41762 0.209947 0.0239464 0.0321957 9
2 0.285481 0.247099 0.0392046 0.0604757 10
2 0.226364 0.20763 0.0277617 0.0398705 17
2 0.250849 0.227941 0.0325858 0.0404795 34
2 0.186752 0.21401 0.0291956 0.0381799 38
0 0.463688 0.202769 0.00676699 0.0306508 42
2 0.167153 0.196625 0.0232382 0.0374481 72
