2 0.394437 0.200068 0.0193762 0.0270153 8
2 0.896819 0.626511 0.206362 0.281443 10
2 0.382867 0.292632 0.0701183 0.0994219 17
2 0.524787 0.395641 0.0996555 0.121263 34
2 0.289472 0.302393 0.0650076 0.0863419 38
2 0.227201 0.248023 0.0448741 0.0655533 72
2 0.317859 0.261953 0.0453444 0.0587953 74
2 0.285419 0.237887 0.0406145 0.0576342 91
7 0.584837 0.25561 0.042091 0.0534619 97
2 0.160518 0.204583 0.0304323 0.04077 118
7 0.699622 0.289278 0.0528608 0.0608583 134
2 0.2575 0.224789 0.0288737 0.041747 184
2 0.0819568 0.158929 0.0173347 0.0192375 186
7 0.942871 0.348122 0.076763 0.0774149 190
7 0.145653 0.147919 0.024249 0.0525659 123
