2 0.994519 0.726951 0.00941448 0.174371 4
2 0.515378 0.542047 0.157719 0.188074 5
2 0.360529 0.197322 0.0179818 0.0234216 6
2 0.353687 0.379375 0.094771 0.123973 7
2 0.450104 0.219821 0.0241346 0.031413 8
2 0.386078 0.200819 0.0200719 0.0305866 9
2 0.360694 0.291878 0.0607144 0.0858763 10
2 0.259018 0.226867 0.0360999 0.0532963 17
2 0.297931 0.257733 0.0430586 0.0543426 34
2 0.209424 0.234713 0.0371516 0.0485234 38
2 0.182513 0.210833 0.0310068 0.0417411 72
2 0.233642 0.213967 0.0240298 0.0329617 74
7 0.323459 0.174292 0.0281098 0.0453166 2
2 0.217703 0.199379 0.021955 0.0315333 91
7 0.897879 0.344812 0.0861299 0.0973232 97
