2 0.459453 0.516135 0.146059 0.189279 1
7 0.346502 0.181756 0.0326947 0.0504475 2
2 0.674253 0.486558 0.138545 0.176894 3
7 0.460024 0.346525 0.0979798 0.133427 4
2 0.297828 0.325771 0.0695385 0.0858831 5
2 0.393328 0.206483 0.0200148 0.0272583 6
2 0.249912 0.276471 0.0542249 0.0669307 7
2 0.506771 0.236687 0.0269417 0.0370434 8
2 0.426426 0.212609 0.0244718 0.0329372 9
2 0.273743 0.239934 0.0360929 0.0554749 10
2 0.221599 0.204402 0.028644 0.0389713 17
2 0.241917 0.221701 0.0303917 0.038704 34
2 0.182674 0.210802 0.0290196 0.0368359 38
0 0.463728 0.201845 0.00676839 0.0306385 42
