2 0.433598 0.488095 0.133856 0.173717 1
7 0.348102 0.182301 0.0335682 0.0502153 2
2 0.630637 0.459866 0.125681 0.16361 3
7 0.442344 0.336395 0.0921259 0.127554 4
2 0.289616 0.317869 0.0665123 0.083899 5
2 0.395708 0.207531 0.0204056 0.0272815 6
2 0.243023 0.272815 0.0508682 0.0648461 7
2 0.5123 0.238934 0.028086 0.0366025 8
2 0.43025 0.213192 0.0236629 0.0331966 9
2 0.269712 0.237121 0.0346459 0.0545653 10
2 0.218487 0.202182 0.0268464 0.0378516 17
2 0.239996 0.220668 0.0311418 0.0368831 34
2 0.181092 0.20962 0.0279929 0.0350028 38
0 0.463926 0.201682 0.00643895 0.0299194 42
