2 0.342842 0.186051 0.0158751 0.0230773 8
2 0.450615 0.44989 0.128088 0.190803 72
2 0.803338 0.572705 0.193636 0.205783 74
2 0.609654 0.435634 0.134289 0.181097 91
2 0.257355 0.274915 0.0555474 0.0704176 118
2 0.408646 0.321802 0.0722911 0.0863419 184
2 0.593579 0.252492 0.0358721 0.0453692 190
7 0.160009 0.158508 0.0337722 0.0753252 123
2 0.337692 0.276119 0.0538173 0.0676323 205
7 0.42867 0.208696 0.0260351 0.039884 97
2 0.186516 0.207548 0.0290501 0.0391152 216
2 0.21233 0.192144 0.0247297 0.0368285 235
2 0.508566 0.230883 0.0249859 0.032712 242
2 0.471078 0.224739 0.028598 0.0361309 134
2 0.188969 0.176913 0.0200791 0.0260494 260
2 0.08077 0.155664 0.0190741 0.024776 276
7 0.594035 0.252648 0.0359367 0.0453581 287
