2 0.751947 0.782411 0.275381 0.315526 5
2 0.35127 0.196434 0.0163838 0.022723 6
2 0.431671 0.457905 0.128699 0.162309 7
2 0.434456 0.216838 0.0218625 0.0304025 8
2 0.375405 0.19957 0.0187753 0.0284625 9
2 0.415037 0.32599 0.0743452 0.104891 10
2 0.279181 0.240666 0.0419898 0.0609095 17
2 0.328331 0.278719 0.0516424 0.0638407 34
2 0.222973 0.248688 0.0417715 0.0544333 38
2 0.189701 0.219939 0.0321611 0.045437 72
2 0.249298 0.226295 0.0272663 0.0384098 74
7 0.317747 0.174529 0.0276693 0.0451463 2
2 0.229939 0.207971 0.0245686 0.0345415 91
7 0.786121 0.316676 0.0689176 0.0788764 97
2 0.132574 0.193676 0.0236628 0.0296132 118
2 0.92365 0.351338 0.062999 0.0668682 121
