2 0.566963 0.589537 0.192016 0.236973 7
2 0.421162 0.209087 0.0213639 0.0295524 8
7 0.366061 0.193816 0.0187502 0.0273759 9
2 0.49305 0.369784 0.0953178 0.132088 10
2 0.302903 0.24979 0.0481949 0.0711149 17
2 0.369234 0.298507 0.0601182 0.0758701 34
2 0.238465 0.259201 0.0466188 0.0615815 38
2 0.198129 0.223412 0.0345787 0.0499293 72
2 0.267286 0.23128 0.032078 0.0443844 74
2 0.244598 0.211286 0.0283625 0.0380225 91
7 0.706225 0.292569 0.0574853 0.0663875 97
2 0.139438 0.194117 0.0256418 0.0329634 118
2 0.833278 0.323051 0.0530335 0.0588155 121
7 0.905557 0.350135 0.0816102 0.0808757 134
7 0.141274 0.149113 0.0218952 0.052451 123
