2 0.851144 0.865597 0.297711 0.256139 1
7 0.663463 0.468433 0.166091 0.214273 4
2 0.37442 0.401058 0.0967761 0.120612 5
2 0.374762 0.201508 0.0186948 0.0252254 6
2 0.291317 0.317737 0.0695981 0.0918321 7
2 0.474829 0.22597 0.0248343 0.0354427 8
2 0.404085 0.206776 0.0218453 0.0311424 9
2 0.31049 0.2618 0.0476276 0.0680101 10
2 0.240098 0.213906 0.0321161 0.0467149 17
2 0.267784 0.237517 0.0356387 0.0463682 34
2 0.195666 0.221545 0.0332034 0.0418671 38
2 0.172371 0.201968 0.0240951 0.0373491 72
2 0.217256 0.20511 0.0201991 0.0278665 74
7 0.334344 0.178135 0.0292034 0.0494725 2
