2 0.360719 0.190509 0.0168848 0.0231518 8
2 0.751608 0.516004 0.180852 0.242085 17
2 0.506273 0.517798 0.155202 0.194986 38
2 0.315309 0.32429 0.0740664 0.106339 72
2 0.481807 0.361773 0.0882295 0.105351 74
2 0.408928 0.310553 0.0751984 0.105149 91
2 0.20974 0.238736 0.0421242 0.0531511 118
2 0.323384 0.267701 0.051526 0.0615566 184
7 0.686763 0.279209 0.0450349 0.0550666 190
7 0.15383 0.154281 0.029365 0.0665893 123
2 0.285715 0.242489 0.0416937 0.0515577 205
2 0.475491 0.223889 0.0300984 0.0410818 97
2 0.160283 0.187763 0.0251985 0.0406922 216
2 0.198308 0.183087 0.0214454 0.0312053 235
2 0.566198 0.24703 0.0271377 0.0371195 242
2 0.535902 0.241921 0.0345799 0.0426485 134
2 0.17916 0.174358 0.0183233 0.0272527 260
7 0.475996 0.224037 0.0309373 0.0412461 261
