2 0.535452 0.562671 0.165213 0.198623 5
2 0.359023 0.197139 0.0174552 0.0237165 6
2 0.361588 0.387278 0.0976867 0.127763 7
2 0.448056 0.219556 0.0229927 0.0319704 8
2 0.384577 0.2003 0.0197802 0.0319828 9
2 0.367155 0.295276 0.0628879 0.089214 10
2 0.261623 0.227185 0.0360685 0.053866 17
2 0.301457 0.260016 0.0446167 0.0555678 34
2 0.210934 0.236942 0.0385036 0.0481103 38
2 0.182822 0.21162 0.0300253 0.0413837 72
2 0.235433 0.215527 0.0254948 0.0342025 74
7 0.32249 0.17299 0.027046 0.0437759 2
2 0.218702 0.199874 0.0230237 0.0325127 91
7 0.881309 0.343261 0.084071 0.0917425 97
2 0.127598 0.187526 0.0230532 0.0298402 118
