2 0.393109 0.200061 0.0189901 0.0275294 8
2 0.908094 0.641665 0.183813 0.288474 10
2 0.385486 0.295098 0.0696248 0.100462 17
2 0.5328 0.400944 0.102061 0.123418 34
2 0.291793 0.305181 0.0652597 0.0871817 38
2 0.22815 0.249307 0.0448414 0.0666931 72
2 0.319646 0.263571 0.0453465 0.0595681 74
2 0.287057 0.239205 0.0405149 0.0580991 91
7 0.581493 0.254999 0.0420994 0.0530426 97
2 0.161413 0.206032 0.0307033 0.0397569 118
7 0.695028 0.288181 0.0514464 0.060497 134
2 0.258272 0.224748 0.0294574 0.0400278 184
2 0.0827027 0.158756 0.017487 0.0186543 186
7 0.93482 0.346444 0.0761853 0.0779325 190
7 0.145703 0.146844 0.0237595 0.0507327 123
2 0.23866 0.210101 0.0245255 0.033322 205
