2 0.51126 0.56837 0.171309 0.217521 1
7 0.344078 0.180388 0.0296558 0.050838 2
2 0.75814 0.539731 0.165276 0.204506 3
7 0.491932 0.365069 0.107487 0.147273 4
2 0.311671 0.339367 0.0752657 0.0916681 5
2 0.38846 0.206413 0.0203323 0.0272731 6
2 0.256172 0.282893 0.0562817 0.0714137 7
2 0.499062 0.234678 0.0269328 0.0355824 8
2 0.421147 0.210568 0.0234166 0.0324074 9
2 0.280292 0.244248 0.0385195 0.0592213 10
2 0.223832 0.205193 0.0265021 0.0384395 17
2 0.246429 0.224898 0.0322931 0.0401034 34
2 0.185438 0.212058 0.0285212 0.037435 38
0 0.463222 0.202885 0.00625057 0.0314725 42
