2 0.339889 0.186036 0.0156177 0.0222106 8
2 0.486721 0.487588 0.143225 0.210114 72
2 0.893797 0.64146 0.212406 0.237916 74
2 0.663734 0.470111 0.152569 0.200675 91
2 0.267142 0.28383 0.0582419 0.0748633 118
2 0.426726 0.33571 0.0766382 0.0952916 184
2 0.581801 0.251732 0.035916 0.0449358 190
7 0.160571 0.160977 0.034454 0.0780484 123
2 0.348309 0.284194 0.0563526 0.0703687 205
7 0.422446 0.208123 0.0257012 0.0388642 97
2 0.19238 0.210957 0.0317873 0.0408874 216
2 0.215208 0.195247 0.0242599 0.0374767 235
2 0.500681 0.229957 0.0249804 0.0331945 242
2 0.463073 0.222363 0.0279323 0.0362943 134
2 0.19021 0.179592 0.0202692 0.027937 260
2 0.0838859 0.156426 0.0195181 0.0240874 276
2 0.975215 0.35927 0.0481854 0.0740071 289
