2 0.334792 0.185473 0.0144809 0.0211193 8
2 0.609621 0.606518 0.202515 0.285991 72
2 0.847988 0.585482 0.222567 0.273486 91
2 0.292944 0.304388 0.0655684 0.0852177 118
2 0.479542 0.37083 0.091618 0.111296 184
2 0.557376 0.245691 0.0327627 0.0427398 190
7 0.162701 0.163135 0.0350309 0.0806148 123
2 0.377304 0.302168 0.0633136 0.079992 205
7 0.409818 0.205978 0.0246592 0.0371424 97
2 0.203764 0.218515 0.0333834 0.0424471 216
2 0.222317 0.199607 0.0235044 0.0395609 235
2 0.484357 0.226233 0.0233934 0.0303282 242
2 0.44526 0.218593 0.0256221 0.0342388 134
2 0.194496 0.182338 0.0203481 0.0270952 260
2 0.899479 0.33796 0.0659458 0.0699934 289
2 0.0919055 0.158875 0.0189606 0.0235582 276
