2 0.378963 0.195526 0.0183045 0.024751 8
2 0.476368 0.350697 0.0938952 0.135913 17
2 0.775677 0.55561 0.178186 0.196147 34
2 0.348777 0.360382 0.0880258 0.113705 38
2 0.256245 0.27192 0.0544629 0.0810428 72
2 0.369503 0.294329 0.0600443 0.074807 74
2 0.326782 0.262282 0.0536567 0.0730318 91
2 0.179532 0.217835 0.0364004 0.0456129 118
2 0.283681 0.241898 0.0369329 0.0505061 184
2 0.0970104 0.161721 0.0172502 0.0186275 186
7 0.805019 0.311547 0.0588458 0.065532 190
7 0.149611 0.151564 0.0273961 0.0614822 123
2 0.255284 0.221304 0.0311836 0.0387502 205
7 0.529593 0.240016 0.0369106 0.0489336 97
2 0.143476 0.185618 0.0213499 0.027357 216
