2 0.341753 0.186467 0.0162205 0.0236884 8
2 0.466099 0.467051 0.134117 0.196015 72
2 0.846207 0.601648 0.211746 0.220199 74
2 0.632394 0.450251 0.142535 0.187529 91
2 0.261492 0.279129 0.0569124 0.0726966 118
2 0.416152 0.327988 0.0741208 0.0914349 184
7 0.588097 0.251868 0.0353086 0.0449943 190
7 0.159984 0.159272 0.0336301 0.0774777 123
2 0.342379 0.279784 0.0553173 0.0678201 205
2 0.425832 0.208795 0.0265193 0.0376957 97
2 0.18906 0.209232 0.0299958 0.0397568 216
2 0.214002 0.192349 0.0240235 0.0371598 235
2 0.504924 0.230798 0.0250431 0.0337648 242
2 0.467215 0.222924 0.0294037 0.0369062 134
2 0.189635 0.178986 0.0208952 0.0295352 260
2 0.0824175 0.156075 0.0194227 0.0243738 276
2 0.987126 0.363553 0.0247189 0.0683694 289
