2 0.665001 0.724143 0.251479 0.303945 1
2 0.941581 0.696988 0.116839 0.287465 3
7 0.57143 0.413619 0.132654 0.177763 4
2 0.342107 0.368548 0.0843492 0.105812 5
2 0.38066 0.203645 0.019652 0.0259498 6
2 0.273353 0.300815 0.0630978 0.0813597 7
2 0.485423 0.230642 0.0258395 0.0339394 8
2 0.411066 0.208331 0.0232463 0.0325668 9
2 0.296248 0.254525 0.0428691 0.0654763 10
2 0.23308 0.210096 0.0310986 0.0431357 17
2 0.258102 0.232288 0.0356626 0.0440165 34
2 0.190761 0.217909 0.0310887 0.0401491 38
0 0.463679 0.201989 0.00784636 0.0321356 42
2 0.169539 0.198668 0.0236665 0.0367853 72
2 0.211385 0.203538 0.0208516 0.0305434 74
7 0.337637 0.178961 0.031254 0.0491989 2
