2 0.362939 0.412552 0.101758 0.136017 1
7 0.35609 0.184051 0.0316585 0.052193 2
2 0.513066 0.387607 0.0937562 0.126357 3
7 0.388955 0.304591 0.0765049 0.106638 4
2 0.265659 0.294495 0.0579279 0.0715319 5
2 0.406924 0.210822 0.0210714 0.0292244 6
2 0.228608 0.258253 0.0449943 0.058905 7
2 0.531739 0.244021 0.0297988 0.0386428 8
7 0.442818 0.218293 0.0249043 0.0351337 9
2 0.25575 0.228025 0.0300537 0.0503481 10
2 0.209454 0.199901 0.0238967 0.0357008 17
2 0.228836 0.213008 0.0250327 0.0345436 34
2 0.443068 0.218496 0.0249996 0.0359321 36
2 0.175072 0.204996 0.0257831 0.0332291 38
