2 0.381245 0.197215 0.0187877 0.0257659 8
2 0.459414 0.341552 0.0894096 0.128526 17
2 0.723461 0.523498 0.160335 0.180928 34
2 0.338303 0.352172 0.0834194 0.107444 38
2 0.25185 0.269651 0.0522136 0.0773773 72
2 0.360581 0.291411 0.0571005 0.0742139 74
2 0.320092 0.259764 0.0510162 0.0714975 91
2 0.177068 0.217057 0.0329465 0.0433509 118
2 0.629273 0.269543 0.053134 0.0526736 134
2 0.279538 0.240853 0.0345302 0.0491553 184
2 0.0951858 0.160872 0.0174681 0.0186719 186
7 0.821828 0.316886 0.0599051 0.0662952 190
7 0.149415 0.15327 0.0276265 0.0623727 123
2 0.252378 0.218772 0.0302454 0.0337921 205
2 0.536823 0.241677 0.0374123 0.052064 97
2 0.141776 0.186376 0.0205883 0.0257463 216
