3 0.3815 0.197443 0.0181143 0.0258869 8
2 0.45635 0.339382 0.0879733 0.12772 17
2 0.715622 0.518083 0.157211 0.178316 34
2 0.336809 0.350355 0.082533 0.106398 38
2 0.25091 0.269619 0.0517654 0.0762497 72
2 0.359301 0.289039 0.0568807 0.0698752 74
2 0.318633 0.259407 0.0511347 0.0710006 91
2 0.176431 0.217019 0.0331709 0.0425351 118
2 0.630813 0.269993 0.0529334 0.0526985 134
2 0.27928 0.240356 0.0347766 0.0492855 184
2 0.0950316 0.16129 0.0173629 0.0192346 186
7 0.824943 0.317492 0.060488 0.0672282 190
7 0.149282 0.153335 0.028016 0.0616445 123
2 0.250981 0.218721 0.0309367 0.0332733 205
7 0.53814 0.242878 0.0373574 0.0506952 97
2 0.141399 0.185942 0.0205905 0.0262311 216
