2 0.356632 0.190742 0.01643 0.0237953 8
2 0.880935 0.593146 0.232249 0.299391 17
2 0.574989 0.587863 0.188422 0.229067 38
2 0.334101 0.340231 0.0813134 0.11974 72
2 0.520027 0.387466 0.0982282 0.116935 74
2 0.435738 0.328201 0.0829944 0.114261 91
2 0.217475 0.245197 0.043816 0.0570069 118
2 0.335655 0.273039 0.0557629 0.0564193 184
7 0.664845 0.274067 0.043675 0.0518563 190
7 0.154067 0.155514 0.0282961 0.0686487 123
2 0.294213 0.247659 0.0445382 0.0544119 205
2 0.464755 0.220311 0.0296278 0.0416733 97
2 0.164922 0.19468 0.0247131 0.0359933 216
2 0.20107 0.184736 0.0230088 0.032587 235
2 0.552667 0.243861 0.0281657 0.0364767 242
2 0.520655 0.238842 0.0332723 0.0428988 134
2 0.180853 0.174072 0.017229 0.0238196 260
