2 0.52534 0.552155 0.161076 0.191822 5
2 0.359708 0.197358 0.0179742 0.0240768 6
2 0.357688 0.383092 0.0960589 0.125409 7
2 0.449277 0.219739 0.0240458 0.0316647 8
2 0.385544 0.20073 0.0202673 0.0318133 9
2 0.364246 0.292661 0.0614984 0.0864673 10
2 0.260284 0.22707 0.035278 0.0527671 17
2 0.299696 0.25894 0.0442226 0.0553584 34
2 0.210097 0.235524 0.0385416 0.0489332 38
2 0.182651 0.211301 0.0301109 0.0417112 72
2 0.233921 0.214908 0.0251779 0.0334489 74
7 0.323005 0.173648 0.0273983 0.0440253 2
2 0.21767 0.19925 0.0233387 0.03102 91
7 0.889431 0.345665 0.0838133 0.0912057 97
2 0.127464 0.187487 0.0228133 0.030554 118
