2 0.533768 0.592447 0.182418 0.228779 1
7 0.342696 0.180559 0.029402 0.0503461 2
2 0.79468 0.56302 0.178575 0.218977 3
7 0.505237 0.373555 0.111209 0.152936 4
2 0.316609 0.344025 0.0758855 0.0942828 5
2 0.386973 0.206125 0.0196329 0.0270986 6
2 0.259276 0.28631 0.0575333 0.0722396 7
2 0.49605 0.233951 0.02664 0.0357021 8
2 0.418819 0.210211 0.023425 0.0324421 9
2 0.283089 0.246035 0.039216 0.0611083 10
2 0.225428 0.206989 0.0273056 0.0403757 17
2 0.249271 0.227709 0.0320708 0.0403676 34
2 0.186102 0.212597 0.0291866 0.0387993 38
0 0.463217 0.202727 0.00625013 0.0313808 42
