3 0.390252 0.200674 0.0189214 0.0263992 8
2 0.960876 0.693375 0.076848 0.272982 10
2 0.399994 0.305915 0.0731908 0.106014 17
2 0.566684 0.423968 0.111229 0.134876 34
2 0.300826 0.316426 0.0692613 0.0918351 38
2 0.23323 0.254395 0.0463823 0.0703676 72
2 0.327831 0.270381 0.0488253 0.0629891 74
2 0.293961 0.245206 0.0438487 0.0601604 91
7 0.57032 0.253405 0.0406321 0.0527363 97
2 0.16526 0.210512 0.0322698 0.0401421 118
7 0.676805 0.284871 0.0498092 0.0577799 134
2 0.262513 0.230329 0.0317309 0.0429818 184
2 0.0855341 0.162209 0.0179693 0.0181964 186
7 0.904618 0.340752 0.0711437 0.0754259 190
7 0.146233 0.146135 0.0243619 0.0458567 123
2 0.242334 0.212472 0.0242646 0.0325552 205
0 0.463236 0.197603 0.00833851 0.0300883 139
