2 0.36236 0.191393 0.0163901 0.0231547 8
2 0.710117 0.49036 0.166332 0.226757 17
2 0.483095 0.495362 0.145213 0.182275 38
2 0.308497 0.318194 0.0718439 0.102792 72
2 0.467174 0.354338 0.0840879 0.102025 74
2 0.399274 0.30522 0.073562 0.0991965 91
2 0.206846 0.237321 0.040846 0.0514467 118
2 0.318506 0.268383 0.0499875 0.0654997 184
7 0.695836 0.282716 0.0460826 0.0549214 190
7 0.153183 0.153457 0.0288719 0.066506 123
2 0.281918 0.240561 0.0402625 0.0497659 205
2 0.479722 0.227486 0.0312269 0.0402137 97
2 0.15852 0.190893 0.0245345 0.0352126 216
2 0.197305 0.182666 0.0230137 0.0308868 235
2 0.572349 0.248717 0.0271603 0.0372726 242
2 0.542343 0.244743 0.0354591 0.0446598 134
