2 0.426614 0.480719 0.131643 0.171203 1
7 0.349052 0.18262 0.0331948 0.0506462 2
2 0.619172 0.452054 0.122881 0.159745 3
7 0.437733 0.33275 0.0908238 0.125265 4
2 0.287556 0.314697 0.0660331 0.0844055 5
2 0.396832 0.208508 0.0196809 0.0275049 6
2 0.242042 0.271371 0.0504732 0.063864 7
2 0.513301 0.239462 0.0280802 0.0361966 8
2 0.430818 0.21367 0.0240371 0.0335319 9
2 0.268458 0.236024 0.0341066 0.055234 10
2 0.216685 0.202093 0.0257193 0.0380914 17
2 0.238943 0.22029 0.030906 0.0373014 34
2 0.180541 0.210626 0.0270523 0.0330234 38
0 0.463968 0.202448 0.00622829 0.031305 42
