2 0.353546 0.191216 0.0164044 0.0229692 8
2 0.958815 0.681722 0.0823704 0.323007 17
2 0.672742 0.687405 0.239464 0.285623 38
2 0.35533 0.362446 0.089403 0.131632 72
2 0.566729 0.418955 0.112748 0.133506 74
2 0.467141 0.349078 0.0921143 0.127043 91
2 0.225695 0.253319 0.0470591 0.0592166 118
2 0.351176 0.281202 0.0584827 0.0571322 184
7 0.644901 0.269934 0.0413517 0.0503998 190
7 0.155466 0.158239 0.0293824 0.0700541 123
2 0.303219 0.256651 0.0461891 0.0568683 205
7 0.455444 0.218738 0.0293264 0.0409873 97
2 0.169511 0.199156 0.0276439 0.0366394 216
2 0.203191 0.188625 0.0229329 0.0338128 235
2 0.540843 0.241836 0.0276268 0.0349764 242
2 0.506922 0.23691 0.0327799 0.042613 134
2 0.182923 0.175773 0.0195833 0.0258484 260
2 0.065328 0.155095 0.0163672 0.0243727 276
