2 0.373653 0.195967 0.0170199 0.0241313 8
2 0.520181 0.377543 0.105933 0.15263 17
2 0.90269 0.648206 0.194619 0.237485 34
2 0.374547 0.387693 0.0978768 0.125679 38
2 0.268491 0.283921 0.0583131 0.0851053 72
2 0.390435 0.306317 0.0656832 0.0789823 74
2 0.341493 0.274024 0.0549763 0.0785813 91
2 0.187109 0.223571 0.0368749 0.0471747 118
2 0.293424 0.248553 0.0365685 0.0533581 184
7 0.77169 0.304494 0.0546559 0.0616712 190
7 0.149576 0.149746 0.0274312 0.0531934 123
2 0.261484 0.22954 0.035016 0.0469848 205
7 0.514646 0.237176 0.0351067 0.0477253 97
2 0.146525 0.187079 0.021881 0.0290488 216
2 0.600454 0.261 0.0562983 0.0489965 134
2 0.591761 0.260728 0.0391648 0.048796 231
