2 0.349183 0.188982 0.015633 0.0227504 8
2 0.840621 0.835733 0.318758 0.32229 38
2 0.385723 0.38932 0.100677 0.149991 72
2 0.636997 0.465343 0.134178 0.152769 74
2 0.512295 0.376631 0.104997 0.143705 91
2 0.237385 0.26182 0.0501911 0.0640617 118
2 0.370572 0.29615 0.0634249 0.0702032 184
7 0.623636 0.263119 0.0384385 0.0487772 190
7 0.156808 0.158767 0.0306601 0.0729451 123
2 0.315533 0.263624 0.0486439 0.0602574 205
7 0.444605 0.214911 0.0282843 0.0404967 97
2 0.175424 0.204136 0.0272622 0.0355956 216
2 0.206106 0.190508 0.023838 0.0340368 235
2 0.528013 0.237677 0.0265306 0.0339395 242
2 0.492106 0.232415 0.0312546 0.0393446 134
2 0.185443 0.179147 0.0176352 0.0255287 260
2 0.0713369 0.155735 0.0208819 0.0233071 276
