2 0.358961 0.190092 0.0164939 0.0235121 8
2 0.810584 0.551089 0.203673 0.266344 17
2 0.537986 0.550537 0.170849 0.209367 38
2 0.324607 0.331665 0.0773296 0.113027 72
2 0.500132 0.374136 0.0935225 0.111224 74
2 0.421856 0.318084 0.0795347 0.109681 91
2 0.213536 0.241848 0.0433208 0.0553489 118
2 0.330809 0.2711 0.0500119 0.0616442 184
7 0.675773 0.275953 0.0440065 0.0517471 190
7 0.154414 0.154656 0.0292837 0.06668 123
2 0.290328 0.244708 0.0432291 0.0532438 205
7 0.47026 0.22089 0.0312344 0.0430995 97
2 0.162076 0.194029 0.0240997 0.033115 216
2 0.19983 0.183128 0.022778 0.0318294 235
2 0.559164 0.244666 0.0293521 0.0368092 242
2 0.527922 0.239404 0.0329162 0.0433108 134
2 0.179722 0.173008 0.0193028 0.0268855 260
