2 0.707555 0.765954 0.275421 0.328574 1
2 0.970843 0.712033 0.0583134 0.247046 3
7 0.590585 0.424731 0.139122 0.185872 4
2 0.349472 0.375648 0.0890256 0.108697 5
2 0.379468 0.203683 0.0192728 0.0271982 6
2 0.277782 0.30382 0.0644107 0.0839543 7
2 0.48283 0.229694 0.0249377 0.0348768 8
2 0.409368 0.207859 0.0225423 0.0319576 9
2 0.29845 0.255964 0.0451872 0.0654052 10
2 0.23457 0.210892 0.030938 0.0433186 17
2 0.260467 0.233893 0.0347607 0.0428978 34
2 0.191849 0.219088 0.0320219 0.0389045 38
0 0.463801 0.200884 0.00783307 0.0319078 42
2 0.170204 0.19933 0.0233401 0.0353959 72
2 0.212696 0.202282 0.0206741 0.0273674 74
7 0.337051 0.178606 0.0304793 0.0486368 2
