2 0.610729 0.669518 0.221376 0.27077 1
7 0.338519 0.179645 0.0321308 0.0487955 2
2 0.903993 0.640894 0.192014 0.257624 3
7 0.545741 0.398099 0.124744 0.168363 4
2 0.332685 0.359733 0.0815178 0.101096 5
2 0.382828 0.204212 0.0195198 0.0268437 6
2 0.268407 0.29545 0.0607045 0.0778776 7
2 0.489035 0.231888 0.0266147 0.0352512 8
2 0.413869 0.208999 0.0233598 0.0325249 9
2 0.291446 0.250861 0.04092 0.0633359 10
2 0.229731 0.209119 0.0298214 0.0419218 17
2 0.25538 0.230299 0.0339767 0.0424372 34
2 0.1895 0.216301 0.0300256 0.0394141 38
0 0.463251 0.202312 0.0078426 0.03178 42
2 0.168496 0.197747 0.0220482 0.0365472 72
