7 0.962171 0.708252 0.0752874 0.257153 4
2 0.496403 0.523905 0.1489 0.179636 5
2 0.36175 0.197976 0.017703 0.0246921 6
2 0.346694 0.372285 0.0927014 0.119814 7
2 0.452283 0.220565 0.023255 0.0321238 8
2 0.387435 0.201436 0.0203713 0.0303612 9
2 0.354949 0.288542 0.0586463 0.083763 10
2 0.257119 0.22506 0.0359781 0.053331 17
2 0.294794 0.256024 0.0417371 0.0533596 34
2 0.207808 0.233735 0.036774 0.0473691 38
2 0.181271 0.210062 0.0298406 0.0416253 72
2 0.231229 0.21417 0.025383 0.0352977 74
7 0.323851 0.174404 0.02841 0.044946 2
2 0.216313 0.199144 0.0209747 0.0305896 91
7 0.915352 0.353969 0.0889956 0.0933712 97
