2 0.35862 0.190162 0.0164312 0.0233585 8
2 0.821842 0.557675 0.207435 0.271281 17
2 0.543849 0.556648 0.173283 0.213114 38
2 0.326119 0.333269 0.0780206 0.113861 72
2 0.503573 0.375929 0.0944531 0.112264 74
2 0.424093 0.319698 0.0798257 0.109555 91
2 0.214126 0.242652 0.0435984 0.0560318 118
2 0.331468 0.271157 0.0518191 0.0603262 184
7 0.674111 0.275807 0.0437655 0.0523354 190
7 0.154375 0.154638 0.0290448 0.0667436 123
2 0.291033 0.245322 0.0431467 0.0537275 205
7 0.469218 0.221267 0.0302059 0.0426289 97
2 0.162343 0.193917 0.0241614 0.0343771 216
2 0.200144 0.183364 0.0224623 0.0314892 235
2 0.558893 0.24473 0.0276183 0.0365722 242
7 0.527105 0.239701 0.0338241 0.0431096 134
2 0.17987 0.17323 0.0187139 0.0260945 260
