2 0.904716 0.92274 0.190568 0.146775 1
7 0.71223 0.498121 0.184603 0.234962 4
2 0.390452 0.416295 0.103535 0.129158 5
2 0.372264 0.199879 0.0187785 0.0251485 6
2 0.299166 0.324989 0.0720675 0.0959228 7
2 0.470397 0.225213 0.0253001 0.034454 8
2 0.400388 0.205692 0.0219461 0.0315425 9
2 0.317108 0.265581 0.0493303 0.0724246 10
2 0.242219 0.215279 0.0326158 0.0484084 17
2 0.271696 0.240629 0.0373335 0.0472986 34
2 0.197276 0.222757 0.0335345 0.0435711 38
2 0.173489 0.202753 0.0236083 0.0382818 72
2 0.218835 0.206762 0.0196524 0.0301836 74
7 0.331938 0.176412 0.0291926 0.0474252 2
