2 0.351262 0.191194 0.0163771 0.0228609 8
2 0.738697 0.754553 0.276989 0.323951 38
2 0.36767 0.375021 0.0937712 0.135606 72
2 0.594728 0.438657 0.121359 0.138878 74
2 0.485078 0.360183 0.097045 0.132678 91
2 0.230662 0.25748 0.048066 0.0604555 118
2 0.359313 0.28992 0.0610263 0.0658455 184
7 0.635459 0.267384 0.0400276 0.0482982 190
7 0.156238 0.158816 0.0296793 0.0710862 123
2 0.308167 0.259187 0.0469869 0.0579905 205
7 0.450594 0.218299 0.0287526 0.0401938 97
2 0.172434 0.202069 0.0280284 0.035211 216
2 0.204522 0.190338 0.023462 0.0332893 235
2 0.535182 0.240901 0.0272752 0.0337099 242
2 0.500578 0.235651 0.0312124 0.0396828 134
2 0.18343 0.178394 0.0191686 0.0265249 260
2 0.066903 0.155964 0.0194483 0.0245323 276
