2 0.333986 0.184411 0.0145209 0.0212732 8
2 0.642538 0.63692 0.219523 0.308361 72
2 0.888533 0.614628 0.222934 0.292073 91
2 0.298682 0.30806 0.0679194 0.0866191 118
2 0.491521 0.378108 0.0944139 0.115357 184
2 0.552973 0.243506 0.0320623 0.0418815 190
7 0.163921 0.162751 0.0359992 0.0822494 123
2 0.383997 0.305077 0.06643 0.0824831 205
2 0.407041 0.20391 0.0240017 0.0343179 97
2 0.206608 0.219238 0.0330323 0.0424149 216
2 0.223635 0.199469 0.0240453 0.0393481 235
2 0.481176 0.223629 0.0228814 0.0296279 242
2 0.442588 0.217392 0.0259664 0.0346443 134
2 0.196004 0.182538 0.0204373 0.0296345 260
2 0.884318 0.333031 0.0641225 0.0692238 289
2 0.0935365 0.158162 0.0196822 0.0242008 276
