2 0.34172 0.18633 0.0163533 0.0232257 8
2 0.470048 0.470793 0.136808 0.200116 72
2 0.857394 0.609017 0.216489 0.224329 74
2 0.638265 0.453761 0.143903 0.190839 91
2 0.26328 0.27998 0.0581217 0.0734287 118
2 0.418257 0.329557 0.0748576 0.0919142 184
7 0.586776 0.251867 0.0356871 0.0450458 190
7 0.16027 0.15946 0.0341432 0.0775379 123
2 0.343426 0.280403 0.055515 0.0680467 205
2 0.42559 0.208533 0.0265388 0.0381892 97
2 0.1899 0.209531 0.03035 0.0397085 216
2 0.214305 0.193067 0.0241415 0.0380984 235
2 0.503996 0.23068 0.0250006 0.033733 242
2 0.466397 0.222315 0.0296044 0.0366327 134
2 0.189988 0.178904 0.0207961 0.0291408 260
2 0.0826758 0.155959 0.0191325 0.0238707 276
2 0.985114 0.362165 0.0297384 0.0733167 289
