2 0.369936 0.196916 0.0171736 0.023246 8
2 0.565434 0.406723 0.119046 0.170968 17
2 0.976413 0.734175 0.0459209 0.210841 34
2 0.401601 0.416361 0.109215 0.139215 38
2 0.279536 0.293847 0.0622316 0.0930289 72
2 0.411115 0.321817 0.0703711 0.0852097 74
2 0.357244 0.283769 0.0606775 0.084777 91
2 0.192956 0.229998 0.0384622 0.0491751 118
2 0.30034 0.255704 0.0384671 0.0557186 184
7 0.746074 0.298971 0.0514506 0.0605411 190
7 0.150692 0.153967 0.0267956 0.0595171 123
2 0.26684 0.233528 0.0350845 0.0433477 205
2 0.50289 0.23572 0.0343737 0.0466818 97
2 0.149475 0.191206 0.023153 0.0300418 216
2 0.192961 0.183018 0.0206298 0.0287219 235
2 0.574281 0.257718 0.0369555 0.0460742 231
2 0.601624 0.260052 0.02505 0.0397209 242
