2 0.36761 0.195858 0.0171817 0.023967 8
2 0.6055 0.429788 0.131305 0.187903 17
2 0.423995 0.438747 0.118084 0.152287 38
2 0.288507 0.301678 0.0657133 0.095891 72
2 0.42815 0.331281 0.0748658 0.0895237 74
2 0.370355 0.291189 0.064895 0.0892935 91
2 0.196682 0.23347 0.0395157 0.0496423 118
2 0.306596 0.260788 0.0415324 0.0605571 184
7 0.728496 0.294207 0.0493628 0.057364 190
7 0.151485 0.152444 0.0258644 0.0572901 123
2 0.271542 0.236465 0.0370917 0.0460789 205
7 0.495265 0.233555 0.0328129 0.0442644 97
2 0.152168 0.192006 0.0240706 0.0313384 216
2 0.194631 0.183521 0.0210232 0.0294888 235
2 0.563037 0.25395 0.0367674 0.0469073 231
2 0.591601 0.256692 0.0259199 0.0385668 242
