2 0.846059 0.844747 0.307882 0.2985 7
2 0.40795 0.208461 0.0201695 0.0279955 8
2 0.356409 0.194759 0.018466 0.0289813 9
2 0.620571 0.451126 0.132667 0.177234 10
2 0.33305 0.271369 0.0569392 0.0830126 17
2 0.42591 0.337725 0.0739358 0.0923214 34
2 0.25845 0.280539 0.0539914 0.071123 38
2 0.210301 0.238417 0.0388559 0.056749 72
2 0.288841 0.248125 0.0383264 0.0493459 74
2 0.261312 0.226016 0.0336886 0.0433209 91
7 0.64233 0.275733 0.0489881 0.0607747 97
2 0.148333 0.203487 0.0292946 0.0366366 118
7 0.757987 0.303869 0.0404586 0.0482727 121
7 0.793535 0.320189 0.0654195 0.0698912 134
0 0.463293 0.200288 0.00936565 0.0323709 139
7 0.143192 0.153119 0.0224318 0.0541052 123
