7 0.789385 0.545208 0.217925 0.265051 4
2 0.414497 0.440868 0.113245 0.139978 5
2 0.369231 0.198871 0.0179495 0.0258824 6
2 0.311451 0.337215 0.0785989 0.101614 7
2 0.464374 0.223804 0.0250507 0.033055 8
2 0.396751 0.204312 0.0212181 0.0300539 9
2 0.326781 0.271931 0.0520966 0.0741874 10
2 0.247253 0.217869 0.0347914 0.0488866 17
2 0.277581 0.245097 0.0381873 0.0484521 34
2 0.200602 0.227329 0.0337135 0.0436767 38
2 0.176188 0.204876 0.0256086 0.0400199 72
2 0.224132 0.207836 0.0230035 0.0300776 74
7 0.32992 0.176427 0.0285228 0.0474868 2
2 0.20212 0.19358 0.0301125 0.0288143 91
2 0.988778 0.381839 0.0209379 0.073888 97
