2 0.893134 0.895503 0.213731 0.196307 7
2 0.405005 0.207172 0.0202892 0.0277407 8
2 0.354518 0.193169 0.0169365 0.0266927 9
2 0.662024 0.476808 0.146327 0.192786 10
2 0.341396 0.275377 0.0597828 0.0845049 17
2 0.442054 0.347268 0.0782291 0.096228 34
2 0.263862 0.285196 0.0562247 0.0725432 38
2 0.213473 0.241534 0.0411456 0.0583197 72
2 0.294374 0.250891 0.0380789 0.0516918 74
2 0.266082 0.227228 0.0350937 0.0443806 91
7 0.629255 0.272061 0.0475808 0.0593488 97
2 0.150716 0.203558 0.0285232 0.0372135 118
2 0.742051 0.29861 0.035596 0.0461512 121
7 0.770948 0.313525 0.0627282 0.0667948 134
0 0.463748 0.199598 0.00860745 0.0309618 139
7 0.143613 0.152551 0.022321 0.0547673 123
2 0.243386 0.221484 0.0251023 0.0374113 184
