2 0.33932 0.185671 0.0156126 0.0206086 8
2 0.505796 0.507 0.152529 0.22079 72
2 0.916172 0.678967 0.167655 0.254735 74
2 0.69136 0.487954 0.161925 0.212446 91
2 0.271334 0.287683 0.0599454 0.0764689 118
2 0.435741 0.342772 0.078922 0.0964829 184
2 0.577213 0.25081 0.0345163 0.0440771 190
7 0.160723 0.16186 0.0329776 0.0785138 123
2 0.353459 0.287426 0.0575799 0.0718275 205
2 0.419805 0.20874 0.0261084 0.036531 97
2 0.194154 0.212897 0.0315435 0.0407621 216
2 0.216164 0.196726 0.0246382 0.0389124 235
2 0.497635 0.229344 0.0249904 0.0316308 242
2 0.460026 0.223445 0.0280916 0.0361938 134
2 0.191226 0.180293 0.0210626 0.0273408 260
2 0.0857169 0.158969 0.019642 0.0249409 276
2 0.966705 0.357092 0.0665904 0.0747706 289
