2 0.304944 0.349001 0.0777416 0.102285 1
7 0.366725 0.18823 0.0363453 0.0546452 2
2 0.414699 0.327516 0.0698972 0.0945298 3
7 0.337944 0.275298 0.062339 0.0863486 4
2 0.239864 0.273095 0.0497653 0.0614268 5
2 0.423089 0.215699 0.0232443 0.0291179 6
2 0.211338 0.244542 0.0364667 0.0531312 7
2 0.562561 0.253563 0.0323316 0.0422297 8
7 0.4631 0.224442 0.0265415 0.0375898 9
2 0.238715 0.219417 0.0281513 0.0450251 10
2 0.320557 0.191602 0.0156148 0.0219005 13
2 0.198705 0.195793 0.023656 0.034341 17
