2 0.548396 0.571534 0.18386 0.225786 7
2 0.422574 0.210136 0.0218568 0.0289842 8
2 0.366688 0.194037 0.0186541 0.0278907 9
2 0.483581 0.364686 0.0929914 0.12807 10
2 0.299793 0.248376 0.0470719 0.0695124 17
2 0.364359 0.29615 0.0589117 0.074483 34
2 0.236214 0.257458 0.0463207 0.060744 38
2 0.197469 0.223464 0.0348531 0.0494632 72
2 0.26551 0.231229 0.0307591 0.0442052 74
7 0.311365 0.170011 0.0241562 0.0437808 2
2 0.243267 0.211269 0.0286262 0.0374306 91
7 0.713047 0.294709 0.0579324 0.0673048 97
2 0.138789 0.193983 0.0254695 0.0328052 118
2 0.841125 0.32569 0.0529778 0.0611365 121
7 0.917762 0.354142 0.0824556 0.0821085 134
0 0.463214 0.198726 0.00762688 0.030872 139
2 0.344125 0.191425 0.0161155 0.0239381 6
7 0.141197 0.149641 0.0219091 0.0520804 123
