2 0.36925 0.418563 0.104571 0.139762 1
7 0.355393 0.183973 0.0319322 0.0518341 2
2 0.523888 0.393662 0.0965849 0.129121 3
7 0.394358 0.307324 0.0782898 0.108267 4
2 0.267812 0.297819 0.0587008 0.0726722 5
2 0.405083 0.210681 0.0217287 0.0291108 6
2 0.230215 0.259791 0.0465561 0.0598703 7
2 0.529301 0.243542 0.0296542 0.0385248 8
2 0.441393 0.217884 0.0249835 0.0360188 9
2 0.256514 0.229628 0.0302136 0.0501899 10
2 0.209796 0.200858 0.0247475 0.0358224 17
2 0.22995 0.213341 0.0252705 0.0354113 34
2 0.17592 0.205117 0.0261859 0.0332833 38
