7 0.744208 0.517659 0.197684 0.246636 4
2 0.401779 0.427092 0.109296 0.133925 5
2 0.371008 0.199326 0.0180319 0.0255358 6
2 0.30389 0.330162 0.0750957 0.0990849 7
2 0.467789 0.22441 0.0240225 0.0324944 8
2 0.399141 0.205194 0.0212409 0.0312855 9
2 0.32152 0.268195 0.0502995 0.0712037 10
2 0.244024 0.215494 0.0340476 0.0496358 17
2 0.274231 0.241896 0.0380444 0.0475176 34
2 0.19871 0.224387 0.0339297 0.0435738 38
2 0.174257 0.203822 0.0246884 0.0391359 72
2 0.220007 0.208111 0.0192694 0.0300646 74
7 0.331005 0.176123 0.0294245 0.0476772 2
2 0.200715 0.193181 0.0308593 0.029581 91
