7 0.864608 0.591549 0.25392 0.297343 4
2 0.435641 0.462309 0.122199 0.14986 5
2 0.367115 0.198816 0.01797 0.0247787 6
2 0.3199 0.346507 0.0811937 0.105687 7
2 0.460748 0.22248 0.0234131 0.0341996 8
2 0.393897 0.203907 0.0206986 0.0295647 9
2 0.335189 0.276864 0.0546007 0.0776216 10
2 0.249472 0.219466 0.034231 0.0520352 17
2 0.282531 0.248931 0.0392334 0.0488164 34
2 0.202792 0.228716 0.0353052 0.0442135 38
2 0.176444 0.207256 0.025826 0.0397004 72
2 0.225455 0.210319 0.0223791 0.0329153 74
7 0.327782 0.176475 0.0287987 0.0480422 2
2 0.204005 0.197721 0.0317852 0.0337495 91
2 0.970636 0.371254 0.0572661 0.0939931 97
