2 0.371604 0.420737 0.10492 0.140931 1
7 0.354819 0.183972 0.0322092 0.0517467 2
2 0.527752 0.395748 0.0975594 0.130396 3
7 0.396156 0.308525 0.0791177 0.1085 4
2 0.26842 0.298605 0.0587127 0.0729173 5
2 0.404637 0.210454 0.0213239 0.0291506 6
2 0.231055 0.26057 0.0468857 0.0602953 7
2 0.528217 0.243586 0.0296525 0.0387354 8
2 0.441194 0.218166 0.024987 0.0365509 9
2 0.257243 0.22966 0.0309075 0.0505574 10
2 0.20998 0.200926 0.0249307 0.036271 17
2 0.231048 0.213742 0.0258804 0.0359836 34
2 0.176152 0.205429 0.0264726 0.0337756 38
