2 0.336536 0.186399 0.0158793 0.0213816 8
2 0.55466 0.554371 0.174812 0.251458 72
2 0.98022 0.755062 0.0387641 0.209118 74
2 0.765386 0.534303 0.187749 0.240101 91
2 0.282631 0.297509 0.0628575 0.0803107 118
2 0.457493 0.357333 0.0850703 0.103117 184
2 0.566449 0.248338 0.0334036 0.0427891 190
7 0.162204 0.163371 0.0338355 0.0802843 123
2 0.365574 0.295455 0.0610081 0.0753387 205
3 0.414757 0.208074 0.0251831 0.0354926 97
2 0.198789 0.216538 0.0321063 0.041952 216
2 0.219068 0.199394 0.0245777 0.0382334 235
2 0.490553 0.228379 0.0237735 0.0304997 242
2 0.452044 0.220696 0.0266217 0.0356399 134
2 0.19327 0.182118 0.0200293 0.0278419 260
2 0.93205 0.347836 0.070407 0.0729016 289
