2 0.346592 0.186587 0.0158228 0.0209505 8
2 0.888753 0.883569 0.222494 0.220511 38
2 0.403972 0.406761 0.108574 0.15845 72
2 0.680245 0.493007 0.148898 0.164888 74
2 0.538764 0.391535 0.112559 0.1542 91
2 0.24301 0.265608 0.0510266 0.0658526 118
2 0.382556 0.302813 0.0669931 0.0777447 184
7 0.613272 0.259494 0.0374256 0.047171 190
7 0.15791 0.157818 0.032201 0.0748033 123
2 0.322146 0.26642 0.0494831 0.0625307 205
7 0.439297 0.211313 0.026715 0.0420864 97
2 0.1791 0.20361 0.0279448 0.0356636 216
2 0.207986 0.189832 0.0248383 0.0352771 235
2 0.52107 0.234352 0.0254935 0.0347266 242
2 0.484795 0.229702 0.0296055 0.0380964 134
2 0.185969 0.177191 0.0203236 0.0268492 260
2 0.0739048 0.155996 0.0192433 0.0231961 276
