2 0.371489 0.19661 0.017174 0.0242933 8
2 0.548028 0.395603 0.113193 0.164018 17
2 0.946267 0.717656 0.107465 0.269927 34
2 0.391119 0.405988 0.103899 0.133617 38
2 0.275263 0.290419 0.0599849 0.0888107 72
2 0.403462 0.315987 0.0689192 0.083625 74
2 0.352185 0.280286 0.060016 0.0819673 91
2 0.191035 0.227199 0.038297 0.0489348 118
2 0.29736 0.25343 0.0375256 0.0557853 184
7 0.755149 0.301281 0.0524857 0.0596692 190
7 0.15069 0.154979 0.0285155 0.0619668 123
2 0.265039 0.232242 0.0352465 0.0450825 205
7 0.507162 0.235826 0.0350319 0.0471067 97
2 0.148503 0.188948 0.0231076 0.0325617 216
2 0.191995 0.182552 0.0216945 0.0291796 235
2 0.580516 0.25928 0.0379335 0.0478254 231
2 0.607486 0.260594 0.0248578 0.0397605 242
0 0.463272 0.197639 0.00781237 0.0300134 243
