2 0.368419 0.196273 0.017181 0.0229224 8
2 0.59502 0.424057 0.127964 0.181841 17
2 0.418117 0.433184 0.116192 0.149434 38
2 0.285992 0.300056 0.0647418 0.0950461 72
2 0.424126 0.329056 0.0733936 0.0887646 74
2 0.367325 0.289727 0.0645116 0.0880876 91
2 0.195952 0.23246 0.0388799 0.0499187 118
2 0.304701 0.259692 0.0412403 0.0595461 184
7 0.733086 0.295554 0.0498685 0.0587329 190
7 0.151086 0.153645 0.0261926 0.0592944 123
2 0.2701 0.235814 0.036774 0.0459231 205
7 0.49703 0.234101 0.0333505 0.0443641 97
2 0.151623 0.192179 0.02365 0.0318076 216
2 0.194515 0.183641 0.0208164 0.0301633 235
2 0.566331 0.255564 0.0369677 0.0463216 231
2 0.594167 0.257672 0.0254803 0.0389709 242
