2 0.694681 0.717814 0.26299 0.311676 7
2 0.413653 0.207002 0.0211126 0.0284441 8
2 0.360943 0.191965 0.0187503 0.0269914 9
2 0.552486 0.406225 0.112076 0.153788 10
2 0.31794 0.258459 0.0512307 0.0751343 17
2 0.396746 0.315633 0.0664485 0.0830997 34
2 0.248414 0.268322 0.0502518 0.0662271 38
2 0.204517 0.230072 0.0373745 0.0545169 72
2 0.278396 0.238688 0.036599 0.0467794 74
2 0.253116 0.217142 0.0320926 0.0396558 91
7 0.669944 0.281957 0.0522998 0.0623321 97
2 0.143706 0.197128 0.0272122 0.0350547 118
2 0.792912 0.310792 0.0470653 0.0523139 121
7 0.840845 0.332097 0.0696962 0.0734636 134
7 0.309325 0.169277 0.020595 0.0428891 2
0 0.463288 0.197312 0.00781104 0.0302731 139
2 0.841497 0.33239 0.0687407 0.0735952 163
