2 0.402316 0.205472 0.0204542 0.027237 8
2 0.352714 0.191711 0.0182296 0.0284389 9
2 0.703989 0.502175 0.158334 0.207001 10
2 0.350152 0.278157 0.0600194 0.0869197 17
2 0.457295 0.355533 0.0818537 0.102046 34
2 0.268784 0.287657 0.0574178 0.0753298 38
2 0.216443 0.24217 0.040949 0.0590184 72
2 0.299001 0.252729 0.039399 0.0538636 74
2 0.269768 0.228808 0.03554 0.0459836 91
7 0.619153 0.266738 0.046075 0.059436 97
2 0.152661 0.203732 0.0292613 0.0367233 118
2 0.727649 0.293025 0.0279758 0.0431285 121
7 0.753879 0.307364 0.0595718 0.0653045 134
2 0.246506 0.221836 0.0272917 0.0376911 184
2 0.0733356 0.160831 0.0159281 0.0186728 186
2 0.754725 0.307542 0.0597264 0.0654233 187
