2 0.986654 0.745248 0.0252657 0.251984 4
2 0.51023 0.537538 0.154384 0.187075 5
2 0.360834 0.197709 0.0179967 0.024464 6
2 0.351654 0.377597 0.0945406 0.122482 7
2 0.450826 0.220115 0.0239348 0.0318414 8
2 0.386369 0.201006 0.0203941 0.0300353 9
2 0.359325 0.290997 0.0606271 0.0837848 10
2 0.258655 0.226876 0.0363015 0.0529155 17
2 0.296997 0.257577 0.0430239 0.0544285 34
2 0.209192 0.234543 0.0371213 0.0481301 38
2 0.18209 0.210904 0.0303608 0.0417742 72
2 0.233319 0.214136 0.0243695 0.0335969 74
7 0.323719 0.17447 0.0281185 0.0456969 2
2 0.216763 0.199167 0.0222393 0.0312838 91
7 0.902038 0.34892 0.0857325 0.0919729 97
