2 0.389214 0.200461 0.0192545 0.0268545 8
2 0.985828 0.739557 0.0283444 0.246168 10
2 0.405802 0.309828 0.0743355 0.108426 17
2 0.580903 0.433895 0.115472 0.137457 34
2 0.304663 0.320255 0.0704343 0.0931473 38
2 0.235486 0.257732 0.0469616 0.0693256 72
2 0.331025 0.273411 0.0493979 0.0665079 74
2 0.296056 0.247571 0.044568 0.0608602 91
7 0.566458 0.252578 0.0405641 0.0532787 97
2 0.166523 0.211456 0.0329562 0.0406072 118
7 0.670447 0.283396 0.0489714 0.0576797 134
2 0.264859 0.231516 0.0298734 0.0427838 184
2 0.0866196 0.162034 0.0173712 0.0185691 186
7 0.894138 0.337953 0.0692975 0.0733045 190
7 0.147235 0.15173 0.0255669 0.0564807 123
2 0.242179 0.213622 0.0269912 0.0320758 205
0 0.463336 0.197453 0.00862869 0.029519 139
