2 0.367496 0.195981 0.0171826 0.023974 8
2 0.611142 0.433414 0.132761 0.189218 17
2 0.427672 0.442627 0.11978 0.153096 38
2 0.289638 0.302193 0.066053 0.0978401 72
2 0.430943 0.33303 0.0749988 0.0900676 74
2 0.372262 0.291736 0.0657784 0.0901352 91
2 0.197438 0.234164 0.0393919 0.0499003 118
2 0.307278 0.261589 0.0418048 0.0610792 184
7 0.726479 0.293198 0.0491819 0.0569815 190
7 0.151706 0.153851 0.0265545 0.0607192 123
2 0.272351 0.236977 0.0379294 0.0464165 205
7 0.493945 0.233505 0.0338033 0.043865 97
2 0.152912 0.192106 0.0244596 0.0310875 216
2 0.194898 0.183826 0.0210796 0.0292859 235
2 0.56144 0.253551 0.0362286 0.0466717 231
2 0.590287 0.256355 0.0263416 0.0385052 242
