2 0.363683 0.192944 0.016377 0.0237561 8
2 0.672898 0.467448 0.153107 0.216665 17
2 0.462479 0.475884 0.135672 0.17063 38
2 0.301805 0.311509 0.0696463 0.104014 72
2 0.454549 0.346275 0.0803917 0.0961383 74
2 0.389142 0.299899 0.0707067 0.0963059 91
2 0.203549 0.235838 0.0405554 0.0518931 118
2 0.314048 0.265486 0.0472104 0.0645115 184
7 0.705577 0.285519 0.0467783 0.0557519 190
7 0.152872 0.155999 0.0294792 0.0681359 123
2 0.278654 0.239354 0.0398202 0.0484725 205
2 0.484359 0.229151 0.0326234 0.0401738 97
2 0.15636 0.192188 0.0241203 0.0320217 216
2 0.196641 0.182963 0.0229009 0.0297177 235
2 0.578277 0.251365 0.0262129 0.0372996 242
2 0.548266 0.247235 0.0360525 0.0460284 134
