2 0.674901 0.734701 0.256511 0.309925 1
2 0.94807 0.707082 0.10386 0.296092 3
7 0.576119 0.415969 0.134204 0.18009 4
2 0.343558 0.370993 0.0850513 0.106335 5
2 0.380392 0.203727 0.0195751 0.025983 6
2 0.274444 0.301718 0.0635977 0.0823579 7
2 0.484509 0.230514 0.0252506 0.0344194 8
2 0.410551 0.208294 0.0223403 0.0326173 9
2 0.296659 0.254695 0.0435269 0.0654444 10
2 0.233182 0.210373 0.0307621 0.0433779 17
2 0.258076 0.232635 0.0343984 0.0439118 34
2 0.191064 0.21833 0.0308436 0.0398038 38
0 0.463664 0.201583 0.00784257 0.0320375 42
2 0.169775 0.198915 0.023675 0.0363413 72
2 0.211454 0.203815 0.0209764 0.0295903 74
7 0.337449 0.179175 0.0312318 0.0490679 2
