2 0.858386 0.857288 0.283228 0.271213 7
2 0.406966 0.208043 0.0200827 0.0277799 8
2 0.355811 0.194137 0.0173946 0.0279496 9
2 0.631753 0.45803 0.136523 0.180785 10
2 0.33612 0.272638 0.0585944 0.0835135 17
2 0.430179 0.339776 0.0756569 0.0943084 34
2 0.259964 0.281904 0.0542166 0.0716268 38
2 0.210775 0.239414 0.0393541 0.0569961 72
2 0.290286 0.248882 0.0377566 0.0495748 74
2 0.262181 0.226464 0.0337704 0.0431855 91
7 0.638804 0.274948 0.0494258 0.0603729 97
2 0.148785 0.203846 0.0290933 0.0370049 118
2 0.753521 0.302189 0.0377606 0.0465535 121
7 0.787007 0.318367 0.0635022 0.0685729 134
0 0.4632 0.200031 0.00942691 0.0316998 139
7 0.143328 0.151789 0.0221537 0.0511556 123
