2 0.345952 0.185788 0.0156104 0.0221748 8
2 0.925936 0.923642 0.148128 0.144773 38
2 0.414936 0.415952 0.112496 0.168337 72
2 0.708672 0.509976 0.157382 0.175942 74
2 0.556027 0.401805 0.117601 0.160988 91
2 0.247217 0.267517 0.0525779 0.0664375 118
2 0.388617 0.306553 0.0672174 0.0777017 184
7 0.607818 0.257209 0.0375071 0.0469391 190
7 0.158836 0.157771 0.0330873 0.0740189 123
2 0.326099 0.268768 0.0515817 0.0647914 205
7 0.436939 0.210248 0.0275668 0.0398661 97
2 0.181572 0.203831 0.0291391 0.0367554 216
2 0.209392 0.189492 0.0238751 0.0360786 235
2 0.517909 0.232186 0.0253342 0.033766 242
2 0.481203 0.227812 0.0297054 0.0374474 134
2 0.187106 0.176598 0.0187885 0.0278344 260
2 0.0762171 0.15507 0.0187476 0.0240487 276
