2 0.45555 0.51169 0.144479 0.185648 1
7 0.346403 0.181892 0.0332516 0.0506328 2
2 0.667365 0.482733 0.136079 0.17598 3
7 0.457394 0.345209 0.0964297 0.131535 4
2 0.296677 0.324949 0.0698263 0.0851218 5
2 0.393616 0.206526 0.0195015 0.0275903 6
2 0.248946 0.275841 0.0543895 0.0665441 7
2 0.507046 0.236814 0.0277297 0.0374597 8
2 0.426669 0.212715 0.0248887 0.0329257 9
2 0.272995 0.239631 0.035453 0.0551826 10
2 0.22133 0.204108 0.0286909 0.039012 17
2 0.241042 0.221303 0.029476 0.0394398 34
2 0.182503 0.210809 0.0290911 0.0367092 38
0 0.463796 0.202143 0.0062712 0.0301677 42
