2 0.384782 0.200304 0.018178 0.0258459 8
2 0.431331 0.325729 0.0810548 0.118296 17
2 0.646433 0.475203 0.135327 0.157356 34
2 0.321263 0.336631 0.0765241 0.10038 38
2 0.243474 0.265398 0.0493416 0.0729278 72
2 0.345923 0.284041 0.0539564 0.0686887 74
2 0.308588 0.254716 0.0481336 0.066564 91
2 0.17138 0.215434 0.0334948 0.042303 118
7 0.64735 0.276411 0.0499144 0.0551793 134
2 0.271898 0.23743 0.0351634 0.0487596 184
2 0.0910772 0.162608 0.0162521 0.0199664 186
7 0.854648 0.326691 0.064096 0.0703889 190
7 0.147998 0.15142 0.0259461 0.055598 123
2 0.247099 0.217333 0.0279475 0.032491 205
2 0.550631 0.248118 0.0390254 0.0514036 97
