2 0.350761 0.190929 0.0156955 0.0228984 8
2 0.76444 0.77979 0.29232 0.339243 38
2 0.37213 0.37855 0.0957197 0.140009 72
2 0.604999 0.444844 0.123423 0.142945 74
2 0.491829 0.364584 0.0991548 0.136337 91
2 0.232553 0.259064 0.0483991 0.062061 118
2 0.362445 0.291699 0.0616187 0.0684248 184
7 0.632834 0.266205 0.0390684 0.0489385 190
7 0.15649 0.158835 0.0298406 0.0717893 123
2 0.310137 0.2607 0.0475715 0.0595801 205
7 0.449184 0.218169 0.0281616 0.0391932 97
2 0.173104 0.20244 0.0272992 0.0353057 216
2 0.204957 0.190323 0.0240801 0.0335776 235
2 0.533599 0.24019 0.0266131 0.0338523 242
2 0.498439 0.235066 0.0311889 0.039499 134
2 0.183455 0.179035 0.019659 0.0264875 260
2 0.0684054 0.156039 0.0205045 0.0246697 276
