2 0.54628 0.573742 0.170068 0.203895 5
2 0.358601 0.196677 0.0169998 0.0240473 6
2 0.365863 0.391105 0.100295 0.129895 7
2 0.446867 0.219216 0.0233669 0.0322468 8
2 0.38399 0.200361 0.0197818 0.0309048 9
2 0.369652 0.296901 0.0639535 0.0893624 10
2 0.262306 0.228533 0.0359777 0.0553307 17
2 0.302915 0.261319 0.0451014 0.0568302 34
2 0.211476 0.237424 0.0388082 0.0492392 38
2 0.183375 0.211833 0.0301538 0.0421071 72
2 0.236711 0.216723 0.0251107 0.0357373 74
7 0.322305 0.173396 0.0270767 0.0447655 2
2 0.219298 0.200807 0.0242363 0.0327116 91
7 0.873461 0.339713 0.0816214 0.0924457 97
2 0.128027 0.188339 0.0220061 0.0281851 118
2 0.990977 0.374994 0.0162502 0.0538881 121
