2 0.29162 0.335766 0.0706774 0.0973929 1
7 0.370331 0.188754 0.0364484 0.0544602 2
2 0.39313 0.315134 0.0645906 0.0895797 3
2 0.325222 0.269386 0.0576556 0.0832023 4
2 0.233894 0.26788 0.0473562 0.0594641 5
2 0.428608 0.218476 0.0232329 0.0293794 6
2 0.20671 0.241275 0.0344978 0.0503145 7
2 0.57355 0.256901 0.0331519 0.0450002 8
7 0.47014 0.227356 0.0277438 0.0390046 9
2 0.234427 0.217155 0.028104 0.0424183 10
2 0.3232 0.194216 0.0164133 0.0233195 13
2 0.197145 0.194834 0.0229984 0.0327098 17
7 0.3252 0.269422 0.0579666 0.0829779 20
