2 0.339778 0.186082 0.015611 0.0222042 8
2 0.491584 0.492011 0.145626 0.211511 72
2 0.899022 0.650751 0.201957 0.239656 74
2 0.670482 0.474325 0.154579 0.203244 91
2 0.268314 0.284485 0.0585612 0.0748678 118
2 0.428915 0.337402 0.0776472 0.0955071 184
7 0.580778 0.251462 0.0348908 0.0445827 190
7 0.160797 0.16138 0.0336613 0.0778896 123
2 0.349576 0.284822 0.0566227 0.0703465 205
7 0.422122 0.208459 0.0262437 0.0384195 97
2 0.192854 0.211736 0.03125 0.0403377 216
2 0.215346 0.195505 0.0242301 0.0375138 235
2 0.499977 0.229864 0.0249835 0.0328204 242
2 0.462428 0.223008 0.0280245 0.036169 134
2 0.190622 0.180046 0.0206802 0.0285229 260
2 0.0845104 0.157458 0.0198654 0.0242314 276
2 0.973094 0.358918 0.0525534 0.0740504 289
