2 0.352906 0.191356 0.0161443 0.0228935 8
2 0.974902 0.692728 0.0496429 0.306091 17
2 0.693196 0.708304 0.250006 0.298712 38
2 0.358444 0.367098 0.0920148 0.132764 72
2 0.576067 0.425685 0.115248 0.134872 74
2 0.472901 0.35291 0.0937077 0.129892 91
2 0.227502 0.254807 0.0469866 0.0593005 118
2 0.354078 0.284792 0.0592341 0.0612804 184
7 0.642083 0.268923 0.0406202 0.0499825 190
7 0.155742 0.158326 0.0291951 0.0700938 123
2 0.305019 0.257353 0.0459818 0.0569786 205
7 0.453788 0.217638 0.0294725 0.0434881 97
2 0.170126 0.19954 0.02781 0.0385782 216
2 0.203633 0.18924 0.0226876 0.0329666 235
2 0.538969 0.241335 0.0270418 0.0342328 242
2 0.504667 0.236768 0.0322847 0.0419539 134
2 0.183078 0.176489 0.0189375 0.023541 260
2 0.0659606 0.154824 0.0169588 0.023675 276
