2 0.285692 0.32828 0.0696874 0.0931068 1
7 0.371758 0.190366 0.0359286 0.0548476 2
2 0.382181 0.308472 0.0625018 0.0861453 3
7 0.318348 0.265451 0.0548593 0.0803613 4
2 0.230226 0.26537 0.0456456 0.0574684 5
2 0.43201 0.220352 0.0234379 0.0303041 6
2 0.204774 0.239123 0.0346652 0.0473816 7
2 0.578856 0.260134 0.0330919 0.0457702 8
7 0.473801 0.227645 0.0273688 0.0388885 9
2 0.232117 0.215812 0.0264342 0.0400484 10
2 0.324258 0.194382 0.0158763 0.0229465 13
2 0.195827 0.194579 0.0214045 0.0314161 17
