2 0.277269 0.320758 0.0658325 0.0887141 1
7 0.374497 0.19065 0.0349903 0.054171 2
2 0.36911 0.301698 0.0602014 0.0809335 3
7 0.311253 0.261176 0.0545275 0.0765032 4
2 0.225304 0.261334 0.0444585 0.0536288 5
2 0.436052 0.221327 0.0234954 0.0299547 6
2 0.202608 0.236036 0.0334008 0.0471844 7
2 0.587234 0.261859 0.0343295 0.0445293 8
7 0.478748 0.229919 0.0277739 0.0400099 9
2 0.229577 0.214669 0.0263632 0.0395067 10
2 0.327225 0.195788 0.0155903 0.022008 13
2 0.193141 0.195293 0.0197646 0.0333308 17
