2 0.451661 0.5073 0.142872 0.184329 1
7 0.346475 0.181751 0.033357 0.050527 2
2 0.660832 0.478239 0.134817 0.173481 3
7 0.454264 0.343246 0.0949847 0.131314 4
2 0.295183 0.323824 0.0685392 0.0852085 5
2 0.393697 0.206462 0.0195234 0.0272615 6
2 0.247638 0.274814 0.0534576 0.0667209 7
2 0.507822 0.237007 0.0270697 0.0373562 8
2 0.427321 0.212825 0.0246339 0.0329128 9
2 0.272277 0.238875 0.035767 0.0550137 10
2 0.221194 0.203686 0.0294579 0.0391133 17
2 0.240695 0.221208 0.0290946 0.0389757 34
2 0.18231 0.210273 0.029258 0.0363682 38
0 0.463239 0.202429 0.00634092 0.0307441 42
