7 0.770745 0.533893 0.209064 0.258116 4
2 0.40851 0.435668 0.11109 0.136067 5
2 0.369595 0.199188 0.0180316 0.0263352 6
2 0.308148 0.334131 0.0765102 0.100756 7
2 0.465705 0.224203 0.0253548 0.0327251 8
2 0.39756 0.204733 0.0210519 0.0305389 9
2 0.324577 0.270906 0.0508071 0.07448 10
2 0.245583 0.216795 0.0344693 0.0504407 17
2 0.2763 0.24403 0.0385373 0.0481032 34
2 0.200037 0.226153 0.0341629 0.0434914 38
2 0.175493 0.204559 0.0250722 0.0390258 72
2 0.223173 0.207508 0.022101 0.0277054 74
7 0.330499 0.175977 0.028897 0.0468721 2
2 0.201533 0.193006 0.0282722 0.027855 91
