2 0.833462 0.847777 0.333077 0.295644 1
7 0.644707 0.457092 0.159266 0.207357 4
2 0.367951 0.394939 0.0939334 0.118382 5
2 0.375796 0.201323 0.0187719 0.0236424 6
2 0.288011 0.314155 0.0688073 0.0897092 7
2 0.47649 0.226648 0.0249738 0.0345557 8
2 0.405507 0.206899 0.0217565 0.0317622 9
2 0.306904 0.260576 0.0477835 0.0673549 10
2 0.238922 0.21337 0.0325447 0.0467839 17
2 0.2658 0.2365 0.0355941 0.0458029 34
2 0.195218 0.220618 0.0327256 0.0411754 38
2 0.172113 0.200949 0.0237632 0.0382709 72
2 0.215887 0.205328 0.021776 0.0292913 74
7 0.334945 0.178353 0.0296411 0.0495221 2
7 0.405553 0.206904 0.0212358 0.0317211 76
