2 0.630988 0.652434 0.226649 0.272611 7
2 0.416513 0.206895 0.0214413 0.0279991 8
2 0.363024 0.191287 0.0187479 0.0270771 9
2 0.524667 0.388483 0.104421 0.142419 10
2 0.311021 0.253881 0.0497868 0.073476 17
2 0.384831 0.306302 0.0654388 0.0802914 34
2 0.243731 0.263242 0.0488031 0.0640597 38
2 0.20154 0.225921 0.0362398 0.0526683 72
2 0.27308 0.234344 0.0360902 0.0451429 74
2 0.249546 0.214172 0.0296361 0.0374533 91
7 0.685118 0.285944 0.0534255 0.0625196 97
2 0.141761 0.193867 0.0262449 0.0352579 118
2 0.810024 0.314754 0.0498615 0.0566771 121
7 0.867886 0.338925 0.0739756 0.0764644 134
7 0.141875 0.148365 0.0220134 0.0527491 123
7 0.310745 0.167677 0.0220159 0.0430142 2
