2 0.560305 0.583169 0.189176 0.233013 7
2 0.421245 0.209576 0.0218708 0.028958 8
7 0.366028 0.193943 0.0187354 0.0273174 9
2 0.489885 0.367741 0.0945081 0.13087 10
2 0.301652 0.249199 0.0474905 0.0711345 17
2 0.367587 0.297707 0.0597018 0.0756163 34
2 0.237962 0.258638 0.0459494 0.0608507 38
2 0.197773 0.223717 0.0348638 0.049609 72
2 0.266523 0.23129 0.0318858 0.0440615 74
2 0.243925 0.211094 0.0287188 0.0374903 91
7 0.707888 0.293908 0.0571498 0.0669378 97
2 0.139208 0.194336 0.025703 0.032737 118
2 0.835989 0.324261 0.0530026 0.0596161 121
7 0.90981 0.351503 0.0810647 0.0815578 134
2 0.343404 0.192291 0.0168904 0.0246671 6
7 0.141164 0.149671 0.0212382 0.0518755 123
