7 0.89316 0.625212 0.21368 0.31534 4
2 0.451969 0.478889 0.129139 0.156917 5
2 0.365452 0.198046 0.0184399 0.0252983 6
2 0.327673 0.354407 0.0840621 0.110579 7
2 0.45791 0.221696 0.0236895 0.0329179 8
2 0.391785 0.203547 0.0201151 0.0304983 9
2 0.34076 0.280169 0.0551046 0.0797952 10
2 0.251735 0.221966 0.0340019 0.0526953 17
2 0.286332 0.250927 0.040666 0.0520945 34
2 0.204384 0.230023 0.0351423 0.0445278 38
2 0.178372 0.208052 0.0275716 0.0397648 72
2 0.227201 0.212422 0.0229479 0.0333593 74
7 0.326609 0.17537 0.0280193 0.0465448 2
2 0.205116 0.196332 0.0330909 0.0317923 91
7 0.959272 0.366685 0.0811042 0.0948974 97
7 0.251781 0.2219 0.0340117 0.0526164 105
