2 0.372277 0.196553 0.0172283 0.0243037 8
2 0.539539 0.390148 0.111698 0.159924 17
2 0.932796 0.694897 0.134408 0.259913 34
2 0.386198 0.400207 0.102082 0.131524 38
2 0.273205 0.288738 0.0592137 0.0871407 72
2 0.399567 0.313304 0.0682961 0.0819465 74
2 0.349314 0.278187 0.0592127 0.0800923 91
2 0.189821 0.225247 0.0373329 0.0505101 118
2 0.296419 0.252435 0.0367394 0.0546356 184
7 0.760074 0.302302 0.0530532 0.0607537 190
7 0.150669 0.154883 0.0290582 0.0621595 123
2 0.264101 0.232193 0.0353319 0.0459424 205
7 0.509509 0.236253 0.0343127 0.0466871 97
2 0.14782 0.188769 0.0225257 0.030796 216
2 0.192088 0.181498 0.0210601 0.0289769 235
2 0.583628 0.259295 0.0373777 0.0477375 231
