2 0.339694 0.186151 0.0156105 0.0215113 8
2 0.496072 0.498138 0.147517 0.21286 72
2 0.904705 0.659949 0.190591 0.244711 74
2 0.677409 0.478546 0.156311 0.206851 91
2 0.269313 0.285901 0.059445 0.0750753 118
2 0.431099 0.339171 0.078145 0.0960015 184
7 0.579615 0.251277 0.0345037 0.04445 190
7 0.160631 0.161538 0.0333579 0.0779315 123
2 0.350735 0.285992 0.0564618 0.0707732 205
2 0.421455 0.208401 0.0259365 0.0373273 97
2 0.193217 0.212201 0.0307792 0.0401137 216
2 0.215594 0.195655 0.0242202 0.0384395 235
2 0.499174 0.229867 0.0249867 0.0322168 242
2 0.461648 0.222951 0.0280642 0.0368092 134
2 0.190782 0.180276 0.0212186 0.028053 260
2 0.0847777 0.157926 0.0200599 0.0242839 276
2 0.970766 0.358134 0.0580765 0.0735107 289
