2 0.287175 0.330815 0.0704593 0.0954723 1
7 0.371075 0.189549 0.0365961 0.0548654 2
2 0.385736 0.310658 0.0631135 0.0863565 3
7 0.319791 0.266608 0.0546087 0.0806971 4
2 0.231624 0.266163 0.0458217 0.0571611 5
2 0.430837 0.219885 0.023419 0.0307005 6
2 0.206031 0.240135 0.0361231 0.04854 7
2 0.57724 0.259039 0.0336761 0.0447682 8
7 0.472693 0.227368 0.0275051 0.039273 9
2 0.232159 0.216076 0.0270722 0.0410164 10
2 0.324077 0.194169 0.0156504 0.022956 13
2 0.196373 0.194542 0.0225387 0.0315139 17
