2 0.33579 0.186277 0.0154494 0.0217229 8
2 0.587162 0.585693 0.190555 0.271392 72
2 0.814693 0.565488 0.208394 0.261236 91
2 0.288903 0.302082 0.0653676 0.0845933 118
2 0.471093 0.365751 0.0892302 0.107511 184
2 0.560863 0.247276 0.0327553 0.0423729 190
7 0.162724 0.163504 0.0337759 0.0800542 123
2 0.372958 0.299939 0.063092 0.0784741 205
2 0.411577 0.206507 0.0249481 0.037591 97
2 0.202151 0.218293 0.0327918 0.0421217 216
2 0.221177 0.19968 0.024322 0.0391129 235
2 0.486744 0.227141 0.0235557 0.0292733 242
2 0.447687 0.219823 0.0265055 0.0351934 134
2 0.194077 0.181956 0.0200245 0.0272547 260
2 0.911335 0.342488 0.0677691 0.0717403 289
2 0.090733 0.158733 0.0192576 0.0236324 276
