2 0.369088 0.196838 0.0171786 0.0234958 8
2 0.580085 0.415162 0.123323 0.176098 17
2 0.409559 0.424841 0.111823 0.144955 38
2 0.282756 0.296523 0.0634143 0.0949351 72
2 0.417143 0.325657 0.0723609 0.0876724 74
2 0.362579 0.287007 0.0629762 0.0855879 91
2 0.194408 0.23129 0.0383338 0.0497447 118
2 0.30285 0.257465 0.0399016 0.0565079 184
7 0.739192 0.297704 0.0502227 0.0605316 190
7 0.150844 0.153655 0.0267624 0.058455 123
2 0.268463 0.234717 0.0359485 0.0441324 205
7 0.499902 0.235406 0.0336357 0.0452772 97
2 0.150436 0.192786 0.0235865 0.0298846 216
2 0.194032 0.183363 0.020456 0.0291673 235
7 0.580931 0.25703 0.0588825 0.0464419 134
2 0.570081 0.256803 0.0371784 0.0469703 231
