7 0.947146 0.679892 0.105707 0.304444 4
2 0.487551 0.513992 0.144821 0.174988 5
2 0.362479 0.197811 0.0174469 0.0250775 6
2 0.3431 0.368371 0.0910724 0.119118 7
7 0.453123 0.220746 0.0236131 0.0324594 8
2 0.388093 0.201875 0.0208817 0.031342 9
2 0.352173 0.287037 0.0578548 0.0821939 10
2 0.256673 0.224093 0.0353086 0.0536339 17
2 0.293415 0.255438 0.0415557 0.0530914 34
2 0.207154 0.233249 0.0362695 0.0463728 38
2 0.180901 0.209323 0.0294242 0.041512 72
2 0.230805 0.213376 0.0234712 0.0342731 74
7 0.324276 0.174425 0.0288871 0.0455884 2
2 0.215401 0.197996 0.0216687 0.029165 91
7 0.924417 0.355291 0.092199 0.09616 97
