2 0.362101 0.19104 0.0163904 0.0234392 8
2 0.718243 0.495665 0.169172 0.230953 17
2 0.487241 0.500501 0.146872 0.182703 38
2 0.309894 0.31918 0.072272 0.103782 72
2 0.470321 0.356147 0.0850003 0.102691 74
2 0.400892 0.305891 0.0736668 0.099254 91
2 0.20705 0.237559 0.0407266 0.0514193 118
2 0.319977 0.267705 0.0501479 0.0641378 184
7 0.694309 0.281982 0.0465437 0.0543527 190
7 0.153046 0.153447 0.0286617 0.0657353 123
2 0.282857 0.241054 0.0405625 0.0504534 205
7 0.478871 0.227128 0.0311945 0.0415791 97
2 0.158895 0.191389 0.0243436 0.0345771 216
2 0.197464 0.182654 0.0230726 0.0307031 235
2 0.571379 0.248251 0.0268351 0.0371671 242
2 0.540745 0.243897 0.0347319 0.0439971 134
