7 0.933819 0.688493 0.132363 0.353112 4
2 0.479476 0.506115 0.142105 0.170778 5
2 0.362872 0.198148 0.0179669 0.0249367 6
2 0.339236 0.365203 0.0891534 0.117253 7
2 0.454471 0.220923 0.0234095 0.0336074 8
2 0.388626 0.202375 0.0208353 0.0317259 9
2 0.349707 0.285869 0.0570841 0.0822028 10
2 0.255728 0.223915 0.0345902 0.0533898 17
2 0.291755 0.254561 0.0408966 0.0528601 34
2 0.206606 0.232624 0.0363041 0.0461536 38
2 0.180567 0.20895 0.0293348 0.0412218 72
2 0.229762 0.213388 0.0235215 0.033579 74
7 0.324992 0.175024 0.0285983 0.0465213 2
2 0.215376 0.198157 0.019957 0.0289061 91
7 0.933924 0.357454 0.0928391 0.0975518 97
