2 0.383606 0.198917 0.0179376 0.0252027 8
2 0.4413 0.330984 0.0842941 0.122337 17
2 0.672649 0.492506 0.143528 0.164862 34
2 0.327567 0.341797 0.0790524 0.102237 38
2 0.246537 0.266572 0.0512537 0.0750728 72
2 0.351237 0.287135 0.0542057 0.0709048 74
2 0.3131 0.256867 0.0503421 0.0684144 91
2 0.173522 0.21612 0.0325046 0.0431338 118
2 0.640606 0.273887 0.0515786 0.0555016 134
2 0.274664 0.238874 0.0346077 0.0483966 184
2 0.0927918 0.161858 0.0164358 0.0187433 186
7 0.84221 0.323774 0.0625109 0.0692122 190
7 0.148594 0.151807 0.0269257 0.0565279 123
2 0.249059 0.218142 0.0277971 0.0329824 205
2 0.545295 0.246585 0.0383193 0.0508981 97
