2 0.727257 0.751207 0.282037 0.331898 7
2 0.41249 0.207791 0.0208156 0.0282391 8
2 0.359809 0.192972 0.0190547 0.0271559 9
2 0.565486 0.415329 0.115904 0.157892 10
2 0.321005 0.261738 0.0515326 0.0766636 17
2 0.402609 0.320313 0.0683595 0.0865659 34
2 0.250354 0.271058 0.0508792 0.0670755 38
2 0.205532 0.231991 0.0377039 0.055896 72
2 0.280574 0.241488 0.0365124 0.0477169 74
2 0.254872 0.219399 0.0317105 0.0410856 91
7 0.66396 0.280877 0.0514535 0.0620016 97
2 0.14454 0.198567 0.0277444 0.0353361 118
2 0.784678 0.309165 0.0454697 0.0519183 121
7 0.830436 0.329287 0.0690762 0.0724653 134
7 0.308963 0.170092 0.0196964 0.0427667 2
0 0.46328 0.197407 0.00781126 0.0298726 139
7 0.142129 0.150256 0.0227853 0.0536441 123
