2 0.359408 0.18981 0.0170888 0.0234047 8
2 0.790012 0.537765 0.19485 0.260511 17
2 0.526923 0.538966 0.165411 0.202872 38
2 0.321498 0.328993 0.0760727 0.110366 72
2 0.493618 0.369554 0.091882 0.109009 74
2 0.417392 0.315418 0.0787328 0.107478 91
2 0.21254 0.240563 0.0430993 0.0543114 118
2 0.326996 0.27025 0.0533376 0.063198 184
7 0.679582 0.277499 0.0450508 0.0523554 190
7 0.154163 0.154681 0.0294181 0.0670258 123
2 0.288603 0.244113 0.0421571 0.0519273 205
7 0.472105 0.221283 0.031211 0.0444035 97
2 0.16169 0.192856 0.0242145 0.0334156 216
2 0.199673 0.18314 0.0226156 0.0313072 235
2 0.561071 0.244902 0.029066 0.0363185 242
2 0.530317 0.240433 0.0343389 0.0440939 134
2 0.18035 0.174551 0.0190728 0.0273209 260
