2 0.357885 0.190002 0.0171112 0.0230476 8
2 0.843948 0.572499 0.21785 0.28045 17
2 0.555612 0.568362 0.179254 0.218882 38
2 0.329031 0.336352 0.079309 0.114693 72
2 0.510307 0.380905 0.0955903 0.114107 74
2 0.428785 0.323094 0.0813516 0.111754 91
2 0.215884 0.243183 0.0435633 0.0565431 118
2 0.333486 0.272015 0.0532845 0.0600105 184
7 0.670489 0.275257 0.043664 0.0525723 190
7 0.154335 0.154936 0.0288726 0.0677067 123
2 0.292485 0.246412 0.0432807 0.0540129 205
2 0.467565 0.22066 0.0298752 0.0414637 97
2 0.16355 0.193347 0.0241854 0.0355718 216
2 0.200482 0.183943 0.0221989 0.0313021 235
2 0.556178 0.244473 0.0278839 0.0366828 242
2 0.524372 0.239297 0.0330681 0.0425567 134
2 0.180309 0.173743 0.0177752 0.0250548 260
