2 0.334368 0.18477 0.0140099 0.0220577 8
2 0.634104 0.628937 0.214983 0.30198 72
2 0.883445 0.607954 0.23311 0.289084 91
2 0.297231 0.30722 0.0674712 0.0865267 118
2 0.488595 0.376255 0.0935433 0.11432 184
2 0.554123 0.244303 0.0322617 0.041779 190
7 0.163543 0.163015 0.0366265 0.0820173 123
2 0.382707 0.304319 0.066055 0.0817688 205
7 0.407891 0.203886 0.0237353 0.035119 97
2 0.20608 0.219099 0.0331988 0.0424772 216
2 0.223361 0.199533 0.0237576 0.0395167 235
2 0.482075 0.224238 0.023401 0.0293058 242
2 0.443598 0.217906 0.026361 0.0345822 134
2 0.195647 0.182419 0.0199509 0.0290799 260
2 0.888406 0.334619 0.0642087 0.0690406 289
2 0.0930795 0.158621 0.0199068 0.0240329 276
