2 0.372934 0.196068 0.0176261 0.0237959 8
2 0.531387 0.384984 0.10909 0.15759 17
2 0.919962 0.674335 0.160075 0.249225 34
2 0.381678 0.395252 0.100082 0.129357 38
2 0.271332 0.286161 0.0589912 0.0869946 72
2 0.395586 0.310082 0.0667795 0.0801814 74
2 0.346004 0.276089 0.0570209 0.0793417 91
2 0.189049 0.22429 0.0376836 0.0496745 118
2 0.294861 0.250994 0.0365782 0.054034 184
7 0.764519 0.303232 0.0536044 0.0608557 190
7 0.149945 0.153843 0.0280585 0.0600824 123
2 0.263126 0.230944 0.0353629 0.0474412 205
7 0.511661 0.236537 0.0343322 0.0464517 97
2 0.147099 0.188099 0.0232007 0.0298612 216
2 0.191818 0.181246 0.0210015 0.0291814 235
2 0.586312 0.259301 0.0374415 0.0479669 231
