2 0.685566 0.744698 0.262353 0.315906 1
2 0.955602 0.711526 0.0887964 0.287896 3
7 0.580855 0.418596 0.13577 0.181833 4
2 0.345235 0.372324 0.0863214 0.107873 5
2 0.380331 0.204106 0.0195454 0.0264583 6
2 0.275626 0.302027 0.0635176 0.0827212 7
2 0.483693 0.230131 0.0250333 0.0346022 8
2 0.410142 0.208055 0.0219922 0.0326358 9
2 0.297072 0.255309 0.0437676 0.0656495 10
2 0.233617 0.210468 0.030622 0.0432345 17
2 0.259106 0.232979 0.0338911 0.0429498 34
2 0.191392 0.218702 0.0313912 0.0392102 38
0 0.463682 0.201201 0.00783873 0.0315378 42
2 0.169952 0.198997 0.0232877 0.0357109 72
2 0.211207 0.203645 0.0215793 0.0282604 74
7 0.337285 0.179145 0.0309659 0.0487853 2
