2 0.642166 0.668956 0.217743 0.253843 5
2 0.354785 0.194778 0.0165141 0.024707 6
2 0.39965 0.423312 0.115055 0.146444 7
2 0.439854 0.215559 0.0220487 0.0304644 8
2 0.379731 0.197986 0.0195244 0.0301621 9
2 0.39353 0.306997 0.0684181 0.0937774 10
2 0.271509 0.232654 0.0396927 0.0583266 17
2 0.316808 0.267975 0.0481215 0.0611593 34
2 0.217782 0.241656 0.0398893 0.0523496 38
2 0.187703 0.214004 0.0324492 0.0445622 72
2 0.243058 0.219527 0.0267378 0.0374565 74
7 0.319102 0.171867 0.02601 0.0458359 2
2 0.22577 0.202194 0.0236021 0.0322868 91
7 0.821711 0.325333 0.0727897 0.08369 97
2 0.1311 0.189497 0.0232691 0.0298845 118
2 0.963504 0.359514 0.0669931 0.0693777 121
