2 0.352043 0.191266 0.0161783 0.0226582 8
7 0.990736 0.73232 0.0157335 0.26949 17
2 0.714702 0.731312 0.263932 0.310538 38
2 0.36309 0.371372 0.0927785 0.133483 72
2 0.584813 0.432148 0.117509 0.135733 74
2 0.478778 0.356726 0.0952865 0.13162 91
2 0.22897 0.256436 0.0476688 0.0595735 118
2 0.356539 0.289049 0.0609234 0.0668591 184
7 0.63875 0.268557 0.0405408 0.0499352 190
7 0.156025 0.158658 0.0294258 0.070554 123
2 0.306739 0.258389 0.0463939 0.0581357 205
7 0.452111 0.21691 0.0286591 0.0433831 97
2 0.171207 0.201543 0.0280434 0.0352326 216
2 0.203929 0.190083 0.0229371 0.032897 235
2 0.537383 0.241164 0.0269682 0.0338847 242
2 0.502428 0.236145 0.0315067 0.0412222 134
2 0.183377 0.177939 0.0193669 0.025385 260
2 0.0663762 0.155749 0.0187305 0.0247041 276
