2 0.895537 0.912649 0.208926 0.165058 1
7 0.704862 0.493444 0.181342 0.231649 4
2 0.388016 0.414087 0.102022 0.12811 5
2 0.372607 0.199696 0.0188393 0.0254251 6
2 0.297981 0.323938 0.0720479 0.0951554 7
2 0.471148 0.225344 0.0244085 0.0346129 8
2 0.40083 0.205606 0.0221102 0.0314704 9
2 0.316026 0.264878 0.0493141 0.0717645 10
2 0.241887 0.214927 0.0321667 0.047825 17
2 0.271144 0.239784 0.0375695 0.0460502 34
2 0.197042 0.222727 0.0333169 0.0430785 38
2 0.173418 0.201738 0.0239399 0.0383824 72
2 0.218701 0.206085 0.0192054 0.029331 74
7 0.332391 0.176478 0.0290598 0.0473184 2
