2 0.790193 0.811426 0.321642 0.363903 7
2 0.410589 0.20849 0.0203092 0.0284383 8
7 0.358252 0.194396 0.0183654 0.0282617 9
2 0.589345 0.431261 0.12324 0.164793 10
2 0.326175 0.265647 0.0536487 0.0803595 17
2 0.412444 0.327895 0.0711984 0.0883517 34
2 0.253925 0.274746 0.0524954 0.0693199 38
2 0.207701 0.234992 0.0389821 0.0560193 72
2 0.283522 0.244476 0.0381384 0.0506229 74
2 0.257703 0.222346 0.0324959 0.0410738 91
7 0.653875 0.278273 0.0500638 0.0612568 97
2 0.146386 0.200887 0.0294294 0.0366143 118
2 0.772035 0.306309 0.0422255 0.0491537 121
7 0.812378 0.325201 0.0687331 0.0711405 134
7 0.308638 0.17069 0.0182008 0.0426556 2
0 0.463295 0.199136 0.00781234 0.0302619 139
7 0.142597 0.15248 0.0229863 0.0549106 123
