2 0.375203 0.19527 0.0177272 0.0255582 8
2 0.505311 0.367992 0.10177 0.146769 17
2 0.871864 0.617679 0.214697 0.226362 34
2 0.366159 0.378503 0.0936827 0.121114 38
2 0.265134 0.280221 0.0572156 0.0820668 72
2 0.383894 0.302788 0.0639767 0.0800248 74
2 0.337361 0.269777 0.0550917 0.0783583 91
2 0.1847 0.220746 0.0363172 0.0463016 118
2 0.29078 0.246283 0.0360119 0.053022 184
2 0.0997996 0.162209 0.0162084 0.0194081 186
7 0.781913 0.305891 0.0549986 0.0627278 190
7 0.150576 0.14831 0.0243576 0.0551488 123
2 0.259147 0.22823 0.0337209 0.0492843 205
2 0.518889 0.236814 0.0358987 0.0480025 97
2 0.145205 0.186377 0.0216107 0.0278318 216
2 0.606248 0.262071 0.0562515 0.0492634 134
7 0.519051 0.237197 0.0359335 0.0478913 229
