2 0.362424 0.192055 0.0164175 0.0236485 8
2 0.694635 0.481218 0.16119 0.222538 17
2 0.47458 0.487558 0.141267 0.178495 38
2 0.305485 0.315408 0.070749 0.103862 72
2 0.462105 0.351059 0.0827644 0.0997122 74
2 0.395287 0.302482 0.0720072 0.0979539 91
2 0.205495 0.236771 0.0406009 0.0516553 118
2 0.316676 0.266249 0.0479604 0.0627412 184
7 0.700028 0.284097 0.0467737 0.0554121 190
7 0.153046 0.154705 0.0292932 0.0687447 123
2 0.28093 0.239978 0.0404624 0.0486288 205
2 0.482011 0.227246 0.0316402 0.0417751 97
2 0.157474 0.192551 0.0249581 0.032196 216
2 0.196974 0.182967 0.0227616 0.0304044 235
2 0.575563 0.250066 0.0246265 0.0370844 242
2 0.544997 0.246373 0.03813 0.0454222 134
