2 0.358264 0.19013 0.0169265 0.0232999 8
2 0.832531 0.564941 0.212837 0.276686 17
2 0.549529 0.562626 0.176183 0.215389 38
2 0.327431 0.335371 0.0787811 0.114156 72
2 0.506857 0.378309 0.0952957 0.113541 74
2 0.426432 0.320668 0.0809439 0.109933 91
2 0.214951 0.242884 0.0437637 0.056739 118
2 0.332217 0.271795 0.0532505 0.0607635 184
7 0.672557 0.275484 0.0436857 0.0523356 190
7 0.154301 0.154855 0.0288252 0.0671126 123
2 0.291547 0.24571 0.0436202 0.053449 205
7 0.468367 0.220904 0.0303401 0.042451 97
2 0.163088 0.193923 0.0237999 0.0350777 216
2 0.200396 0.183619 0.0220826 0.0313554 235
2 0.557842 0.244708 0.0258719 0.036485 242
7 0.525838 0.239654 0.0336494 0.0430397 134
2 0.180196 0.173256 0.0182219 0.0253298 260
