2 0.382304 0.197965 0.0179079 0.0251878 8
2 0.448992 0.334764 0.0864441 0.125163 17
2 0.693063 0.504595 0.1499 0.16956 34
2 0.331589 0.346 0.0810958 0.102504 38
2 0.248788 0.268337 0.0516165 0.0746163 72
2 0.354921 0.28735 0.0563592 0.0707128 74
2 0.315169 0.258233 0.049491 0.0700155 91
2 0.175249 0.216713 0.0328059 0.0426605 118
2 0.635806 0.271966 0.0521489 0.0534044 134
2 0.276817 0.239257 0.0352128 0.0482687 184
2 0.0939095 0.161848 0.0167462 0.0194978 186
7 0.833751 0.319896 0.0611716 0.068813 190
7 0.148857 0.151862 0.0278602 0.0571595 123
2 0.250844 0.218934 0.0280483 0.0328776 205
7 0.541474 0.244714 0.0375148 0.051159 97
