2 0.360844 0.410619 0.100695 0.134845 1
7 0.356039 0.184197 0.0326313 0.0524284 2
2 0.509602 0.385278 0.0930384 0.124136 3
7 0.387219 0.303485 0.0759505 0.106163 4
2 0.264548 0.293019 0.0578842 0.0719488 5
2 0.407143 0.21109 0.0210894 0.0293091 6
2 0.227872 0.257697 0.0448417 0.0585486 7
2 0.532745 0.244506 0.0300766 0.0389326 8
7 0.443114 0.218569 0.0247803 0.0347038 9
2 0.255012 0.227585 0.0306668 0.0507791 10
2 0.208869 0.199555 0.0240718 0.0348742 17
2 0.228354 0.212504 0.0251011 0.0338886 34
2 0.443642 0.218733 0.0249997 0.0352578 36
2 0.175026 0.205216 0.0257628 0.0332223 38
