2 0.719316 0.777393 0.281864 0.335441 1
2 0.979274 0.724252 0.0414529 0.242039 3
7 0.595618 0.427566 0.140576 0.187507 4
2 0.351506 0.377781 0.0895652 0.109606 5
2 0.378952 0.203157 0.0189143 0.0257728 6
2 0.278557 0.304765 0.0648151 0.0850938 7
2 0.482069 0.229137 0.0259741 0.035695 8
2 0.408938 0.207768 0.0226018 0.0321591 9
2 0.299045 0.256288 0.0453933 0.0653756 10
2 0.234825 0.21108 0.031187 0.0436492 17
2 0.260941 0.234085 0.0345474 0.0430161 34
2 0.192071 0.219166 0.0322094 0.0393356 38
0 0.463697 0.200468 0.00783071 0.0319442 42
2 0.17031 0.199231 0.0234151 0.0353694 72
2 0.213059 0.20185 0.0206603 0.0270456 74
7 0.336867 0.17869 0.0301752 0.0486203 2
