2 0.615376 0.637391 0.218459 0.262951 7
2 0.417596 0.206995 0.0213441 0.0286068 8
2 0.363427 0.191415 0.0186812 0.027146 9
2 0.517326 0.383323 0.102132 0.141285 10
2 0.309312 0.25319 0.0494683 0.0725351 17
2 0.381237 0.304278 0.0645675 0.0796902 34
2 0.242419 0.262125 0.0480193 0.064143 38
2 0.200853 0.225136 0.0357821 0.0523956 72
2 0.272118 0.233427 0.0334298 0.045957 74
2 0.248235 0.21301 0.029223 0.0384835 91
7 0.689625 0.287193 0.0540234 0.0635879 97
2 0.141067 0.194153 0.0265536 0.0340308 118
2 0.814933 0.316735 0.0499982 0.0565945 121
7 0.875456 0.341069 0.0752706 0.078164 134
7 0.141909 0.148619 0.0218773 0.052852 123
7 0.310673 0.167544 0.0236669 0.042866 2
