2 0.436893 0.491938 0.13566 0.175987 1
7 0.347687 0.181902 0.0336029 0.0498181 2
2 0.636257 0.463287 0.127726 0.165242 3
7 0.444755 0.337948 0.0928847 0.128098 4
2 0.290856 0.318869 0.0665445 0.0838898 5
2 0.395282 0.20729 0.0198175 0.0271337 6
2 0.244449 0.27329 0.0519218 0.0651959 7
2 0.511643 0.238585 0.0280892 0.0367136 8
2 0.429697 0.213104 0.0234831 0.0330043 9
2 0.270286 0.237249 0.0345458 0.0543589 10
2 0.219836 0.20235 0.0279973 0.0380926 17
2 0.240041 0.22061 0.0305295 0.0372989 34
2 0.181281 0.209716 0.0278663 0.0350717 38
0 0.463736 0.201676 0.00683126 0.0295932 42
