2 0.34352 0.185945 0.0163902 0.0230836 8
2 0.439947 0.439232 0.124113 0.183844 72
2 0.774466 0.553961 0.182885 0.195682 74
2 0.593751 0.424805 0.129926 0.174654 91
2 0.25446 0.272025 0.0544595 0.0689073 118
2 0.403028 0.316344 0.0705954 0.0837575 184
7 0.597291 0.253436 0.0358838 0.0462454 190
7 0.159829 0.157907 0.0334764 0.0748632 123
2 0.33451 0.273666 0.0532258 0.066517 205
7 0.43082 0.208812 0.0269307 0.0401193 97
2 0.185489 0.206362 0.0286785 0.0376033 216
2 0.211525 0.191015 0.024696 0.0369581 235
2 0.511077 0.231227 0.025518 0.0325538 242
2 0.473448 0.225021 0.0286194 0.0363209 134
2 0.18856 0.176449 0.019215 0.027556 260
2 0.0798087 0.154599 0.0180747 0.024152 276
