2 0.804667 0.817906 0.330987 0.356852 7
2 0.409934 0.208525 0.0208078 0.0284666 8
2 0.357871 0.194263 0.0180949 0.0282242 9
2 0.59398 0.434504 0.124828 0.166516 10
2 0.327556 0.2668 0.0544351 0.0804543 17
2 0.414416 0.329434 0.0713079 0.0888975 34
2 0.254784 0.27584 0.0527542 0.0690994 38
2 0.208189 0.23556 0.0390389 0.0564805 72
2 0.284575 0.244895 0.037287 0.0503506 74
2 0.258736 0.222891 0.0327684 0.0419722 91
7 0.651965 0.277437 0.0494237 0.0615724 97
2 0.14654 0.201119 0.0294302 0.0368093 118
2 0.770127 0.305861 0.0425588 0.0491266 121
7 0.809243 0.324329 0.0676309 0.0708252 134
7 0.308584 0.17082 0.0179523 0.0424557 2
0 0.463319 0.199295 0.00781317 0.0304637 139
7 0.142397 0.152543 0.0231521 0.0552912 123
