2 0.914474 0.932707 0.171051 0.129312 1
7 0.720175 0.502954 0.187295 0.23751 4
2 0.393097 0.419092 0.1051 0.129524 5
2 0.372155 0.200173 0.018755 0.0255064 6
2 0.300353 0.326525 0.073085 0.0960826 7
2 0.469628 0.224818 0.0261384 0.0346247 8
2 0.400246 0.205488 0.0218849 0.0311122 9
2 0.318262 0.266042 0.0493255 0.0724371 10
2 0.242725 0.215498 0.0327827 0.0486238 17
2 0.272021 0.241255 0.0372346 0.0473082 34
2 0.197622 0.22342 0.0336119 0.0432981 38
2 0.173455 0.203335 0.0236121 0.0382422 72
2 0.218886 0.207447 0.0205924 0.0309614 74
7 0.331399 0.176494 0.0295013 0.0477021 2
