2 0.347967 0.187546 0.0160298 0.0223372 8
2 0.866309 0.8618 0.267383 0.267791 38
2 0.396201 0.399351 0.105424 0.154522 72
2 0.66111 0.480586 0.142007 0.159781 74
2 0.527089 0.385225 0.109227 0.150118 91
2 0.240656 0.264103 0.0504812 0.0648032 118
2 0.377237 0.299929 0.064338 0.0742155 184
7 0.617949 0.261071 0.0379824 0.0477527 190
7 0.157827 0.157992 0.0318301 0.0744244 123
2 0.31908 0.265575 0.0492773 0.0610831 205
7 0.44144 0.213374 0.0274475 0.0410807 97
2 0.177744 0.203483 0.0283333 0.0360967 216
2 0.207014 0.189883 0.0253346 0.0351997 235
2 0.524135 0.234815 0.0260261 0.0344711 242
2 0.488305 0.230502 0.0297253 0.0373513 134
2 0.185641 0.177307 0.0196647 0.0250757 260
2 0.0729624 0.155811 0.0190426 0.0231189 276
