2 0.395557 0.20018 0.0199495 0.0267557 8
2 0.347653 0.185496 0.0171882 0.0248605 9
2 0.874698 0.605731 0.221939 0.272353 10
2 0.377201 0.289912 0.0670975 0.0974408 17
2 0.513901 0.388531 0.096659 0.11906 34
2 0.28623 0.299324 0.064596 0.0846255 38
2 0.225393 0.246185 0.044323 0.0644216 72
2 0.315322 0.259044 0.0439813 0.0581912 74
2 0.283163 0.234377 0.0400099 0.0535079 91
7 0.589802 0.256423 0.0423185 0.0546003 97
2 0.159305 0.203567 0.0303475 0.0409375 118
7 0.706482 0.290719 0.0539315 0.0624647 134
2 0.255302 0.223438 0.0285761 0.0408042 184
2 0.0806042 0.158839 0.0164799 0.0194345 186
7 0.954781 0.351778 0.0797286 0.079552 190
7 0.145804 0.146831 0.0246528 0.0509366 123
