2 0.335157 0.185775 0.0153405 0.0216522 8
2 0.602055 0.59904 0.19853 0.282082 72
2 0.836921 0.579055 0.217552 0.26974 91
2 0.291706 0.303687 0.0651608 0.0849824 118
2 0.476785 0.369339 0.0898983 0.109516 184
2 0.558494 0.245921 0.0327561 0.0422293 190
7 0.162866 0.163176 0.0346694 0.0804596 123
2 0.375894 0.301638 0.0630726 0.0797584 205
2 0.410566 0.206088 0.0254856 0.0371539 97
2 0.203355 0.218535 0.0328661 0.0424827 216
2 0.222114 0.199517 0.0237078 0.0394105 235
2 0.485157 0.226636 0.0234029 0.0299622 242
2 0.446058 0.218724 0.0254816 0.0347439 134
2 0.194332 0.182123 0.0203829 0.0271675 260
2 0.903554 0.339553 0.0661409 0.0711128 289
2 0.09143 0.158671 0.019019 0.0235612 276
