2 0.349572 0.190283 0.0159041 0.0229865 8
2 0.823459 0.824284 0.328517 0.345898 38
2 0.380827 0.386175 0.0985125 0.145638 72
2 0.625739 0.457882 0.130126 0.149693 74
2 0.505077 0.372201 0.10366 0.140502 91
2 0.235637 0.261205 0.049809 0.063319 118
2 0.367706 0.293756 0.0631036 0.0683538 184
7 0.626963 0.264229 0.0387089 0.0480902 190
7 0.156696 0.159215 0.0300235 0.072638 123
2 0.313709 0.262742 0.0486462 0.0599845 205
7 0.446187 0.215784 0.0280201 0.0407889 97
2 0.174681 0.203908 0.0273839 0.0361384 216
2 0.20595 0.190911 0.0236787 0.0338123 235
2 0.529721 0.238461 0.0265274 0.033548 242
2 0.494574 0.232921 0.0315512 0.0388265 134
2 0.185088 0.179281 0.0186124 0.0250372 260
2 0.070385 0.156034 0.0206278 0.0244729 276
2 0.446114 0.217198 0.0275246 0.0381339 282
