2 0.333753 0.184151 0.0147146 0.0209731 8
2 0.651741 0.645315 0.225259 0.314382 72
2 0.893738 0.621418 0.212523 0.295436 91
2 0.300231 0.309158 0.0686034 0.0878057 118
2 0.494654 0.380222 0.095254 0.115644 184
2 0.551637 0.242778 0.0319998 0.0417076 190
7 0.164112 0.162616 0.0353676 0.0823544 123
2 0.385499 0.305584 0.0665722 0.0832191 205
2 0.406538 0.203814 0.0235905 0.0333376 97
2 0.2072 0.219149 0.0336825 0.0433191 216
2 0.224113 0.199422 0.023903 0.0390642 235
2 0.480421 0.22319 0.0232152 0.0293017 242
2 0.44204 0.216751 0.0253043 0.0344519 134
2 0.196253 0.182552 0.0208793 0.0300763 260
2 0.881027 0.331627 0.0630671 0.0688638 289
2 0.09392 0.157603 0.0197258 0.0242732 276
