2 0.804366 0.829443 0.307143 0.330666 5
2 0.444971 0.472279 0.134216 0.16978 7
2 0.43242 0.2171 0.021865 0.0293793 8
2 0.37393 0.199822 0.0183539 0.0281874 9
2 0.423541 0.331555 0.0764264 0.108846 10
2 0.281758 0.24286 0.042212 0.0613784 17
2 0.333302 0.282682 0.0518229 0.0656569 34
2 0.224587 0.251099 0.041455 0.0546621 38
2 0.191108 0.222104 0.0333163 0.045638 72
2 0.251592 0.227247 0.0271192 0.0388688 74
7 0.317225 0.174281 0.0292577 0.0441265 2
2 0.23087 0.209867 0.0268515 0.0334288 91
7 0.773927 0.313936 0.067557 0.076839 97
2 0.133446 0.195662 0.0240157 0.0298568 118
2 0.909458 0.347572 0.0601402 0.0653507 121
