2 0.385283 0.437145 0.111689 0.147206 1
7 0.353112 0.183275 0.0326921 0.0516161 2
2 0.551977 0.411011 0.103876 0.13876 3
7 0.407294 0.314894 0.082159 0.113882 4
2 0.273782 0.302998 0.0605345 0.0762965 5
2 0.402232 0.210075 0.0210117 0.0280241 6
2 0.233723 0.263309 0.0467404 0.0619036 7
2 0.524147 0.242261 0.0294548 0.0379552 8
2 0.438149 0.216391 0.0249949 0.0351694 9
2 0.261039 0.231496 0.0305665 0.0506717 10
2 0.211146 0.200613 0.0239426 0.0366315 17
2 0.232472 0.215883 0.0266077 0.0368211 34
2 0.177017 0.206174 0.0271062 0.0363606 38
0 0.463688 0.202399 0.00702302 0.0314106 42
