2 0.288247 0.332386 0.0704779 0.095934 1
7 0.370733 0.189447 0.0366665 0.0544017 2
2 0.387476 0.311739 0.0633419 0.0872583 3
7 0.320856 0.267429 0.0546895 0.0811638 4
2 0.232508 0.266103 0.0470546 0.0577937 5
2 0.430448 0.219572 0.0234181 0.0301491 6
2 0.206098 0.240617 0.0355914 0.0486479 7
2 0.576491 0.258507 0.0330759 0.0440708 8
7 0.47198 0.227484 0.0278958 0.0394404 9
2 0.232713 0.216776 0.0267646 0.0412554 10
2 0.323985 0.194104 0.0158877 0.0234099 13
2 0.195445 0.195077 0.0252702 0.0326905 17
