2 0.739517 0.769457 0.268637 0.308121 5
2 0.351637 0.195966 0.0163516 0.0224303 6
2 0.428128 0.454083 0.127081 0.160605 7
2 0.434942 0.21635 0.0218535 0.030118 8
2 0.375637 0.1992 0.0189096 0.0285506 9
7 0.412686 0.323836 0.0740566 0.105017 10
2 0.278185 0.239635 0.0414271 0.0603135 17
2 0.326826 0.277832 0.0515553 0.0634714 34
2 0.22267 0.248054 0.041554 0.0534767 38
2 0.188989 0.219284 0.031962 0.045216 72
2 0.248825 0.224814 0.0270275 0.0386925 74
7 0.317715 0.174031 0.0267606 0.0451849 2
2 0.22852 0.207928 0.0265213 0.035159 91
7 0.789467 0.316196 0.0695558 0.082295 97
2 0.132646 0.19336 0.0233261 0.0291991 118
2 0.926618 0.351696 0.0630519 0.0675197 121
2 0.412503 0.323622 0.0740496 0.105076 126
