2 0.3481 0.18792 0.0160553 0.0225915 8
2 0.858901 0.854885 0.282199 0.282614 38
2 0.393425 0.396214 0.104433 0.153828 72
2 0.654852 0.476083 0.140046 0.158295 74
2 0.523321 0.382913 0.108045 0.148954 91
2 0.239556 0.263368 0.0504586 0.0648914 118
2 0.375585 0.298954 0.0645116 0.0733159 184
2 0.6194 0.261445 0.0389903 0.0475747 190
7 0.157697 0.158127 0.0319854 0.0743766 123
2 0.318097 0.265015 0.0492169 0.0607999 205
7 0.442259 0.214072 0.0277292 0.0405544 97
2 0.177116 0.203442 0.0282576 0.0360239 216
2 0.206689 0.189854 0.0245618 0.0352653 235
2 0.524902 0.235115 0.02654 0.0346203 242
2 0.489363 0.230783 0.029987 0.0373151 134
2 0.185298 0.177862 0.0191333 0.0252436 260
2 0.0725555 0.156009 0.01993 0.0235737 276
