2 0.57341 0.595776 0.195999 0.239201 7
2 0.420427 0.208735 0.020643 0.0293098 8
7 0.365388 0.193492 0.0187492 0.0269287 9
2 0.496482 0.371405 0.0965873 0.133366 10
2 0.30383 0.250049 0.0484386 0.0706029 17
2 0.370779 0.299492 0.0605004 0.0759146 34
2 0.239017 0.259789 0.0463375 0.0615971 38
2 0.198911 0.223923 0.0352302 0.0507089 72
2 0.26741 0.231095 0.0331509 0.0440256 74
2 0.244697 0.211308 0.0287297 0.0384294 91
7 0.703832 0.292209 0.0565666 0.0654782 97
2 0.139617 0.193995 0.0254794 0.0330297 118
2 0.829935 0.322441 0.0530334 0.0583843 121
7 0.900609 0.348772 0.079697 0.0804726 134
7 0.14122 0.148768 0.0220031 0.0528784 123
