2 0.373363 0.196157 0.0168355 0.023748 8
2 0.523915 0.380295 0.106457 0.153946 17
2 0.908573 0.656658 0.182853 0.240262 34
2 0.376505 0.389873 0.099028 0.127846 38
2 0.269323 0.284667 0.0586065 0.085221 72
2 0.392358 0.307534 0.0657923 0.0796336 74
2 0.342824 0.274757 0.0558657 0.0786291 91
2 0.188034 0.224362 0.0368093 0.0477012 118
2 0.293994 0.249826 0.035409 0.0537184 184
7 0.769377 0.304371 0.0540702 0.0607539 190
7 0.149307 0.150083 0.0276827 0.0527858 123
2 0.261795 0.230658 0.035192 0.0481931 205
7 0.51386 0.236913 0.0345879 0.0478077 97
2 0.146689 0.187443 0.0221518 0.0291781 216
2 0.599119 0.260312 0.0562968 0.0491535 134
2 0.191166 0.18095 0.020857 0.028466 235
