2 0.506223 0.562274 0.168308 0.216676 1
7 0.34423 0.180332 0.0298588 0.051767 2
2 0.749097 0.534558 0.162524 0.202855 3
7 0.488802 0.363438 0.10607 0.145962 4
2 0.310067 0.337959 0.074552 0.0912348 5
2 0.388544 0.206574 0.0203271 0.0269144 6
2 0.25541 0.282317 0.056106 0.0708301 7
2 0.49957 0.234951 0.0276379 0.0353636 8
2 0.421789 0.210859 0.0234161 0.0327038 9
2 0.279779 0.243967 0.0380013 0.0586838 10
2 0.223566 0.205201 0.0264901 0.0388777 17
2 0.24633 0.224616 0.0326026 0.0409829 34
2 0.184866 0.211911 0.0292303 0.0371845 38
0 0.463239 0.203185 0.00625105 0.0319475 42
