2 0.383836 0.199124 0.0179378 0.0256586 8
2 0.438967 0.32951 0.0831956 0.121353 17
2 0.665522 0.488051 0.141408 0.162419 34
2 0.325758 0.340802 0.0787545 0.100741 38
2 0.245845 0.266054 0.050422 0.074744 72
2 0.35001 0.285812 0.0537419 0.06942 74
2 0.311661 0.256587 0.0491748 0.0679841 91
2 0.172631 0.21625 0.0336931 0.0431033 118
2 0.642193 0.274429 0.0514215 0.0554732 134
2 0.274047 0.238564 0.0348696 0.0477391 184
2 0.092304 0.162187 0.0163136 0.018805 186
7 0.845159 0.324331 0.0628758 0.0690268 190
7 0.148347 0.150731 0.0267214 0.0542342 123
2 0.248955 0.217245 0.0271303 0.0316915 205
7 0.546379 0.247146 0.0385016 0.0500329 97
7 0.642728 0.274467 0.051475 0.0563027 210
2 0.54677 0.247231 0.0384507 0.0503004 211
