2 0.345939 0.186055 0.0156158 0.0220872 8
2 0.916001 0.911183 0.167997 0.166265 38
2 0.4119 0.413684 0.111525 0.164741 72
2 0.701402 0.505973 0.154728 0.173196 74
2 0.551859 0.399073 0.115904 0.1581 91
2 0.246216 0.266657 0.0513699 0.0663954 118
2 0.386962 0.305536 0.0669439 0.0769938 184
7 0.609251 0.257814 0.0376239 0.0465326 190
7 0.1584 0.157745 0.0327084 0.0740492 123
2 0.325009 0.267992 0.0513497 0.0641577 205
7 0.437988 0.210311 0.0265755 0.0404195 97
2 0.180913 0.20377 0.0287444 0.036567 216
2 0.209124 0.189363 0.0239885 0.0358711 235
2 0.518666 0.232367 0.0259864 0.0333463 242
2 0.4821 0.228204 0.0298231 0.0374608 134
2 0.186883 0.177085 0.01891 0.0264363 260
2 0.0753838 0.155511 0.0189572 0.0241618 276
