2 0.284462 0.326002 0.0711977 0.0926258 1
7 0.372279 0.190239 0.036319 0.0547562 2
2 0.378941 0.306408 0.0615083 0.0858876 3
7 0.316667 0.263943 0.0553503 0.0802346 4
2 0.229021 0.263624 0.0461434 0.0580894 5
2 0.432868 0.220214 0.0236027 0.0310011 6
2 0.203783 0.238252 0.0336462 0.0470896 7
2 0.580725 0.26004 0.0341504 0.0451294 8
7 0.474971 0.228189 0.0278567 0.0396095 9
2 0.231641 0.215031 0.0262568 0.0407433 10
2 0.325178 0.194493 0.0167406 0.0228298 13
2 0.194785 0.194553 0.0203422 0.0319411 17
