2 0.283713 0.32551 0.0714482 0.0915862 1
7 0.372534 0.190273 0.0357375 0.0545884 2
2 0.377266 0.305346 0.0608122 0.0848648 3
7 0.315297 0.263612 0.0548933 0.0804606 4
2 0.228167 0.263457 0.0460894 0.0571272 5
2 0.433298 0.220544 0.0239226 0.0305141 6
2 0.20374 0.238076 0.0336663 0.0467954 7
2 0.582037 0.260266 0.0338269 0.045117 8
7 0.475337 0.228531 0.0274351 0.0398065 9
2 0.231095 0.21514 0.0264191 0.0408424 10
2 0.325236 0.194785 0.0165122 0.0225947 13
2 0.194433 0.19454 0.020314 0.0320826 17
