2 0.539843 0.599095 0.185502 0.230807 1
7 0.342486 0.180767 0.0300499 0.0498496 2
2 0.804849 0.569136 0.183226 0.221579 3
7 0.508406 0.37556 0.112355 0.154167 4
2 0.317622 0.345385 0.0764561 0.0941152 5
2 0.386372 0.205734 0.019553 0.0271076 6
2 0.260181 0.287432 0.0575494 0.0730253 7
2 0.495269 0.233933 0.0265572 0.0350372 8
2 0.418548 0.21018 0.0234257 0.0327874 9
2 0.283461 0.246947 0.0394518 0.0612402 10
2 0.225737 0.206918 0.0278529 0.0408239 17
2 0.249619 0.22766 0.0320735 0.040329 34
2 0.186284 0.212798 0.0292788 0.0389298 38
0 0.4632 0.202993 0.00624987 0.031269 42
