2 0.871457 0.87203 0.257085 0.242353 7
2 0.40626 0.207904 0.0202718 0.0279342 8
2 0.355267 0.194271 0.0176164 0.0286617 9
2 0.643794 0.465517 0.140102 0.185487 10
2 0.337703 0.274083 0.0580934 0.0834667 17
2 0.434925 0.342612 0.0763326 0.0960903 34
2 0.261699 0.283379 0.0547435 0.0716795 38
2 0.211707 0.240569 0.039422 0.0566234 72
2 0.291816 0.249746 0.0381541 0.0504656 74
2 0.264079 0.226841 0.0341873 0.0435544 91
7 0.634575 0.273504 0.0484786 0.0609776 97
2 0.149786 0.204128 0.0285084 0.0362454 118
2 0.749482 0.300823 0.037273 0.0465775 121
7 0.780911 0.316731 0.0632948 0.06795 134
0 0.463556 0.199971 0.00891593 0.0318755 139
7 0.143545 0.152202 0.0218677 0.0524678 123
2 0.241659 0.221775 0.0253154 0.0389755 184
