2 0.356673 0.406394 0.0991783 0.131887 1
7 0.356957 0.184278 0.0338483 0.0524871 2
2 0.502922 0.38073 0.092078 0.122312 3
7 0.384555 0.300714 0.0753298 0.10542 4
2 0.26317 0.291569 0.0573344 0.071671 5
2 0.408445 0.211267 0.0212935 0.0294858 6
2 0.226872 0.256725 0.0439425 0.0588388 7
2 0.534319 0.245405 0.0299555 0.0395407 8
2 0.444549 0.218809 0.0249663 0.0356585 9
2 0.254012 0.227169 0.0294919 0.050417 10
2 0.207953 0.199021 0.0248981 0.0351316 17
2 0.227691 0.212451 0.0257764 0.033156 34
7 0.444728 0.218828 0.0249999 0.0349291 36
