2 0.355864 0.191581 0.0158918 0.0243452 8
2 0.904041 0.622123 0.191918 0.310216 17
2 0.603933 0.61695 0.202922 0.24602 38
2 0.340556 0.348529 0.0834982 0.121384 72
2 0.534811 0.397632 0.102817 0.121245 74
2 0.44525 0.334514 0.0865481 0.118302 91
2 0.220439 0.248175 0.0451438 0.0573635 118
2 0.34009 0.275139 0.0563059 0.0548562 184
7 0.658415 0.272526 0.0423821 0.0521183 190
7 0.154698 0.155908 0.0288605 0.0687683 123
2 0.297385 0.251388 0.0446246 0.0542275 205
2 0.462328 0.219826 0.0282734 0.0427505 97
2 0.166256 0.196812 0.0261636 0.0344809 216
2 0.202116 0.186186 0.0228256 0.0333973 235
2 0.548759 0.243082 0.028291 0.0360507 242
2 0.516045 0.238383 0.0327021 0.0421032 134
2 0.181811 0.176233 0.0186487 0.0241273 260
