2 0.382507 0.198296 0.0178466 0.0256042 8
2 0.446393 0.333667 0.0853518 0.124596 17
2 0.686122 0.500597 0.147947 0.168144 34
2 0.330148 0.344439 0.0802794 0.102847 38
2 0.248034 0.267783 0.0514724 0.0749138 72
2 0.353472 0.287744 0.0554819 0.0714202 74
2 0.314155 0.257595 0.0490626 0.069361 91
2 0.174514 0.216609 0.0328016 0.0431282 118
2 0.637432 0.272467 0.0516432 0.0541652 134
2 0.275968 0.239026 0.0351673 0.0487088 184
2 0.0936271 0.162021 0.0166353 0.0195768 186
7 0.837221 0.321102 0.0619722 0.0691465 190
7 0.148797 0.151922 0.0278838 0.0573541 123
2 0.250168 0.218447 0.0278287 0.0320537 205
7 0.542957 0.245059 0.0377174 0.0513709 97
