2 0.784811 0.826887 0.321501 0.34206 1
7 0.621489 0.443672 0.15016 0.197313 4
2 0.359826 0.386582 0.0914387 0.113899 5
2 0.376992 0.202211 0.0188177 0.0248437 6
2 0.283902 0.309669 0.0672704 0.0876577 7
2 0.478782 0.22837 0.0257695 0.0337109 8
2 0.406946 0.207196 0.0218644 0.0324208 9
2 0.303815 0.259415 0.0463894 0.0683832 10
2 0.237257 0.21262 0.0328243 0.045415 17
2 0.263532 0.235295 0.0357173 0.0452824 34
2 0.193435 0.219526 0.031969 0.0420904 38
0 0.464069 0.199414 0.0078227 0.0312105 42
2 0.171202 0.19968 0.0243011 0.0371743 72
2 0.215264 0.204083 0.0204664 0.0289627 74
7 0.335861 0.178582 0.0296724 0.0493286 2
