2 0.336211 0.186427 0.0151048 0.0212036 8
2 0.57365 0.572647 0.184453 0.263901 72
2 0.793943 0.552885 0.200422 0.252638 91
2 0.286384 0.300464 0.0657557 0.0832572 118
2 0.465513 0.362312 0.087616 0.106085 184
2 0.562832 0.248016 0.0328291 0.042239 190
7 0.162352 0.163748 0.0335646 0.0803721 123
2 0.369583 0.298199 0.0618574 0.0776753 205
7 0.412535 0.206655 0.024844 0.037406 97
2 0.20071 0.217551 0.0317686 0.0413323 216
2 0.220395 0.199724 0.0243019 0.0389104 235
2 0.487975 0.228063 0.0246833 0.0293992 242
2 0.44928 0.220376 0.0264927 0.0351561 134
2 0.193808 0.182286 0.0197882 0.0272586 260
2 0.919154 0.344132 0.0685029 0.0728208 289
2 0.0898044 0.159036 0.0194168 0.0242243 276
