2 0.391674 0.200544 0.0188139 0.0274567 8
2 0.93946 0.692551 0.12108 0.317395 10
2 0.394553 0.301423 0.0717491 0.103232 17
2 0.553465 0.415136 0.107774 0.129338 34
2 0.297533 0.311591 0.0677494 0.0894103 38
2 0.231295 0.252345 0.045616 0.0682119 72
2 0.324295 0.267243 0.0481801 0.0620586 74
2 0.291618 0.242878 0.0424474 0.05901 91
7 0.574851 0.253587 0.0411151 0.0534935 97
2 0.163484 0.207832 0.0327143 0.0413313 118
7 0.683415 0.28631 0.0498007 0.0582402 134
2 0.26135 0.228084 0.0299492 0.0408449 184
2 0.0848493 0.160699 0.017374 0.019146 186
7 0.915716 0.342418 0.0723557 0.0762539 190
7 0.146109 0.143872 0.0240801 0.0428618 123
2 0.24077 0.2126 0.0243405 0.0329033 205
