2 0.362375 0.191826 0.0163963 0.0236225 8
2 0.702303 0.485626 0.162754 0.224988 17
2 0.478624 0.491162 0.143421 0.180941 38
2 0.307058 0.316801 0.0713664 0.103758 72
2 0.464732 0.352652 0.0829959 0.101074 74
2 0.397209 0.303751 0.0725885 0.0983735 91
2 0.206222 0.237105 0.0411526 0.0515045 118
2 0.317568 0.266654 0.0488828 0.0630845 184
7 0.698057 0.283497 0.0462659 0.055216 190
7 0.153159 0.153648 0.0290852 0.0673063 123
2 0.281395 0.240251 0.0401388 0.0491257 205
2 0.480701 0.227001 0.0313342 0.0421354 97
2 0.157974 0.190947 0.0250254 0.0350512 216
2 0.197182 0.182842 0.0228536 0.030755 235
2 0.574322 0.249412 0.0253528 0.037549 242
2 0.543969 0.245849 0.0373465 0.0451985 134
