2 0.593333 0.615725 0.206471 0.249817 7
2 0.418953 0.207666 0.0210401 0.0289364 8
2 0.364674 0.191846 0.0185829 0.0268566 9
2 0.506308 0.376663 0.0997298 0.136991 10
2 0.305901 0.251474 0.048486 0.0704644 17
2 0.375717 0.301519 0.0617174 0.0781385 34
2 0.240512 0.260831 0.0476058 0.0624328 38
2 0.199648 0.224931 0.0358121 0.051445 72
2 0.269045 0.231349 0.0332292 0.0444836 74
2 0.246048 0.212339 0.0293593 0.0388307 91
7 0.696389 0.289106 0.0553847 0.0652556 97
2 0.140543 0.193756 0.0260001 0.0339345 118
2 0.822468 0.318915 0.0505949 0.0583685 121
7 0.888332 0.344636 0.0774105 0.0786147 134
7 0.141651 0.148564 0.0220612 0.0527254 123
0 0.463221 0.197779 0.0078174 0.030537 139
7 0.310776 0.167844 0.0237674 0.0433355 2
