2 0.390778 0.200398 0.019251 0.0265018 8
2 0.953831 0.69091 0.0923379 0.28333 10
2 0.398207 0.304583 0.0727019 0.105009 17
2 0.562122 0.420719 0.110705 0.133966 34
2 0.299899 0.314875 0.0683883 0.0909984 38
2 0.232758 0.253988 0.0460292 0.0691432 72
2 0.327101 0.268899 0.0478193 0.0628753 74
2 0.292912 0.244384 0.0423422 0.0592627 91
7 0.571954 0.253351 0.0408078 0.0528128 97
2 0.164549 0.209956 0.03189 0.0399055 118
7 0.67898 0.285141 0.0498 0.0577251 134
2 0.262086 0.229789 0.0309848 0.043784 184
2 0.0853394 0.161772 0.0178879 0.0185343 186
7 0.908048 0.341622 0.0722334 0.0750519 190
7 0.146121 0.145728 0.0242251 0.0454523 123
2 0.241492 0.212038 0.0244093 0.0325263 205
0 0.463307 0.197285 0.0078208 0.0305577 139
