2 0.885564 0.887447 0.228873 0.213545 7
2 0.405163 0.20735 0.0202533 0.027698 8
2 0.354739 0.193748 0.0172961 0.0273518 9
2 0.65574 0.473252 0.143689 0.190287 10
2 0.340168 0.275047 0.0580461 0.0837383 17
2 0.439525 0.345588 0.0778407 0.0963528 34
2 0.263033 0.284686 0.0565268 0.0722039 38
2 0.212955 0.241154 0.0404585 0.058048 72
2 0.293921 0.250745 0.0376207 0.051353 74
2 0.265481 0.22715 0.0347812 0.0440441 91
7 0.630887 0.271912 0.0476505 0.0613048 97
2 0.150224 0.20386 0.0285204 0.0365937 118
2 0.744624 0.299463 0.0368908 0.0463268 121
7 0.773732 0.314627 0.0634436 0.067357 134
0 0.463707 0.199778 0.00863524 0.0317005 139
7 0.143596 0.151537 0.0217406 0.0520418 123
2 0.242882 0.221589 0.0253117 0.0376183 184
