2 0.727925 0.757361 0.261441 0.3032 5
2 0.352105 0.195431 0.0162798 0.0222809 6
2 0.424827 0.45118 0.125492 0.158466 7
2 0.43511 0.21638 0.0218465 0.0299861 8
2 0.375762 0.198935 0.0192882 0.0288084 9
2 0.410564 0.322245 0.0733051 0.103255 10
2 0.277305 0.239112 0.0419712 0.0593457 17
2 0.324948 0.276777 0.0526687 0.0631001 34
2 0.222243 0.247388 0.0416673 0.0539904 38
2 0.189019 0.218874 0.0317904 0.0446449 72
2 0.248298 0.224018 0.0264004 0.0382421 74
7 0.317773 0.174023 0.026406 0.0453106 2
2 0.228198 0.207335 0.0262876 0.0344294 91
7 0.792228 0.316945 0.0685812 0.0817236 97
2 0.132504 0.193244 0.0231313 0.0293448 118
2 0.92979 0.351761 0.0631296 0.0677405 121
