2 0.871661 0.887298 0.256678 0.213756 1
7 0.683374 0.480622 0.173759 0.222503 4
2 0.380993 0.407572 0.0985348 0.123793 5
2 0.373815 0.20068 0.0187342 0.0252935 6
2 0.294812 0.320392 0.0709115 0.0927895 7
2 0.473264 0.225506 0.0249812 0.0348333 8
2 0.402208 0.205902 0.0227128 0.03145 9
2 0.313258 0.263248 0.04852 0.0694938 10
2 0.240373 0.214276 0.0306209 0.0467624 17
2 0.269094 0.238322 0.0367167 0.0471321 34
2 0.196619 0.222 0.0322934 0.0424078 38
2 0.172883 0.201287 0.0241556 0.0385421 72
2 0.217859 0.204577 0.0189771 0.0263552 74
7 0.333338 0.177344 0.0295503 0.0486191 2
