7 0.921324 0.671681 0.157352 0.344375 4
2 0.47126 0.498272 0.13699 0.166652 5
2 0.363419 0.198001 0.0180019 0.0251823 6
2 0.335597 0.361175 0.0880976 0.114225 7
2 0.455058 0.22123 0.0234042 0.0332164 8
2 0.389311 0.202913 0.0209558 0.0317431 9
2 0.346978 0.284081 0.0564744 0.0817794 10
2 0.254421 0.223207 0.0345259 0.0527922 17
2 0.290111 0.252961 0.0416049 0.0524972 34
2 0.206146 0.231472 0.0364395 0.0465112 38
2 0.179716 0.209033 0.0287885 0.0407266 72
2 0.229309 0.212971 0.0231355 0.0326787 74
7 0.325577 0.175303 0.0279421 0.0466715 2
2 0.213228 0.197626 0.0217143 0.0290502 91
7 0.942946 0.361443 0.0949249 0.0935653 97
