2 0.696615 0.726194 0.244857 0.286995 5
2 0.353081 0.194161 0.0162308 0.0222294 6
2 0.415692 0.441803 0.121651 0.155172 7
2 0.437417 0.21639 0.0218705 0.0299229 8
2 0.376925 0.198927 0.0196435 0.0285029 9
2 0.404688 0.317093 0.071436 0.100601 10
2 0.275197 0.236536 0.0407256 0.0604002 17
2 0.321964 0.273556 0.0513859 0.063612 34
2 0.220986 0.245092 0.0412146 0.0537113 38
2 0.18879 0.216969 0.0315228 0.0453201 72
2 0.247085 0.22302 0.0264024 0.038755 74
7 0.318041 0.173865 0.0273051 0.0449576 2
2 0.227278 0.205436 0.0257435 0.0327507 91
7 0.802563 0.320625 0.0705803 0.0809596 97
2 0.131784 0.191698 0.0230911 0.0300572 118
2 0.941251 0.354727 0.0639539 0.0688695 121
0 0.463068 0.200767 0.00876535 0.0333439 124
