2 0.364105 0.19293 0.0163824 0.0239897 8
2 0.666329 0.463828 0.151258 0.212935 17
2 0.459071 0.471826 0.134107 0.168712 38
2 0.300772 0.310961 0.0694216 0.102475 72
2 0.452063 0.3445 0.0797419 0.0948738 74
2 0.387691 0.298857 0.0708955 0.0952836 91
2 0.203093 0.235653 0.0403447 0.0514302 118
2 0.312646 0.26503 0.048796 0.0645455 184
7 0.707888 0.286377 0.0468439 0.0563117 190
7 0.152728 0.155687 0.0289177 0.0683261 123
2 0.277642 0.238943 0.0381895 0.0486471 205
2 0.48534 0.229406 0.0323316 0.0403158 97
2 0.155924 0.192391 0.0238968 0.030799 216
2 0.196457 0.182925 0.0224946 0.0294691 235
2 0.579778 0.252355 0.0255596 0.0383233 242
2 0.549595 0.247816 0.0360895 0.0464456 134
