2 0.942509 0.951868 0.114981 0.0925796 5
2 0.511284 0.536741 0.165329 0.205188 7
2 0.425344 0.213101 0.0219379 0.0294195 8
2 0.369128 0.197118 0.0187678 0.0275349 9
2 0.46319 0.354147 0.08759 0.120493 10
2 0.293578 0.248241 0.044962 0.0674105 17
2 0.355104 0.293005 0.0576318 0.0706157 34
2 0.233191 0.257231 0.0450632 0.0584531 38
2 0.195313 0.22424 0.0341662 0.0481521 72
2 0.260342 0.23055 0.0297722 0.0434057 74
7 0.312487 0.172908 0.0255953 0.0430558 2
2 0.239125 0.213493 0.0282015 0.0354936 91
7 0.730451 0.298767 0.0610823 0.0747354 97
2 0.13739 0.195529 0.0256733 0.0310679 118
2 0.860904 0.332694 0.0551226 0.0617873 121
7 0.95103 0.364862 0.0882224 0.0857437 134
7 0.140999 0.151005 0.0225321 0.0513526 123
0 0.46326 0.200744 0.00781225 0.0320827 139
2 0.345817 0.194391 0.0164053 0.0238552 6
