2 0.852758 0.860231 0.294484 0.27486 5
2 0.462826 0.490816 0.142381 0.178758 7
2 0.430286 0.21664 0.0218467 0.0289813 8
2 0.372275 0.199741 0.0188327 0.0275518 9
2 0.434985 0.338766 0.079846 0.111364 10
2 0.285246 0.245232 0.0439786 0.0634501 17
2 0.339091 0.286189 0.0533231 0.0660367 34
2 0.226808 0.254083 0.0428172 0.0554749 38
2 0.192642 0.2233 0.0334151 0.0467755 72
2 0.253819 0.228775 0.0275655 0.039213 74
7 0.314253 0.174825 0.0264873 0.0433924 2
2 0.232743 0.210964 0.0282776 0.0331779 91
7 0.759837 0.310974 0.0640254 0.073187 97
2 0.134765 0.196306 0.0243061 0.0294946 118
2 0.893739 0.343757 0.0594159 0.0641748 121
7 0.979937 0.376638 0.0388605 0.0827232 134
7 0.139466 0.153858 0.0204299 0.0485907 123
