2 0.525869 0.551855 0.172929 0.214577 7
2 0.423686 0.211713 0.0214117 0.0297889 8
7 0.367835 0.195668 0.0188229 0.0279282 9
2 0.47148 0.358622 0.090185 0.123696 10
2 0.295896 0.248106 0.0465614 0.0678222 17
2 0.35846 0.294365 0.057938 0.071848 34
2 0.234164 0.257265 0.0454498 0.060048 38
2 0.196169 0.223556 0.0345966 0.0492725 72
2 0.26251 0.231176 0.029515 0.043064 74
7 0.312087 0.171277 0.024459 0.0443372 2
2 0.240336 0.212164 0.0294414 0.0367804 91
7 0.72248 0.295952 0.0591974 0.0738165 97
2 0.138176 0.195328 0.0266575 0.0310532 118
2 0.851854 0.329982 0.0541654 0.0612896 121
7 0.936697 0.360509 0.0853772 0.0842725 134
0 0.463449 0.200539 0.00788768 0.0325113 139
2 0.345243 0.192263 0.0161386 0.0236267 6
