2 0.343007 0.186057 0.016158 0.0232334 8
2 0.443123 0.442665 0.125654 0.186851 72
2 0.783919 0.56073 0.185804 0.200173 74
2 0.598777 0.428342 0.131264 0.176355 91
2 0.255509 0.27283 0.0549554 0.0697984 118
2 0.404654 0.317869 0.0710559 0.0846293 184
2 0.59599 0.253082 0.0358669 0.0461732 190
7 0.159908 0.158101 0.0335926 0.0747548 123
2 0.335235 0.274079 0.0537548 0.0671709 205
7 0.429777 0.20774 0.0266787 0.0406852 97
2 0.18577 0.206745 0.0281709 0.0382464 216
2 0.211726 0.191175 0.024848 0.0366703 235
2 0.510129 0.230954 0.0251656 0.0328031 242
2 0.473056 0.224679 0.0282553 0.0359229 134
2 0.188523 0.176414 0.0194129 0.027742 260
2 0.0800939 0.154989 0.0183714 0.0247805 276
