2 0.356272 0.190926 0.0166676 0.0241496 8
2 0.887383 0.601238 0.225234 0.30534 17
2 0.581723 0.595404 0.191774 0.2319 38
2 0.335451 0.342108 0.0817352 0.120807 72
2 0.52334 0.390017 0.0996704 0.118439 74
2 0.43791 0.329293 0.0835893 0.114418 91
2 0.218271 0.245602 0.0443347 0.0575102 118
2 0.33694 0.274742 0.0562434 0.0577587 184
7 0.663219 0.273388 0.0431711 0.0524147 190
7 0.154219 0.155848 0.0281663 0.0692394 123
2 0.294919 0.248693 0.0451373 0.0538754 205
7 0.46427 0.219439 0.0296303 0.0430238 97
2 0.165453 0.1958 0.0250465 0.0356621 216
2 0.201204 0.184933 0.0233188 0.0331268 235
2 0.552088 0.243485 0.028174 0.0359998 242
2 0.519508 0.238679 0.0339804 0.0427526 134
2 0.180905 0.174519 0.0175573 0.0245351 260
