2 0.361491 0.190705 0.0163909 0.0235464 8
2 0.726455 0.500315 0.171705 0.234292 17
2 0.492248 0.504631 0.149478 0.185527 38
2 0.311267 0.320665 0.0724156 0.103691 72
2 0.472701 0.357432 0.0858339 0.103033 74
2 0.402968 0.307153 0.0741945 0.100395 91
2 0.207228 0.237756 0.040677 0.0518683 118
2 0.319737 0.268454 0.05249 0.0651935 184
7 0.692243 0.281655 0.045688 0.054381 190
7 0.153248 0.15345 0.0284485 0.0659033 123
2 0.283312 0.241583 0.0406681 0.0507091 205
7 0.477801 0.22589 0.0311865 0.042073 97
2 0.158954 0.192271 0.0245279 0.0329449 216
2 0.197643 0.18277 0.0230898 0.0306302 235
2 0.569249 0.248125 0.0277219 0.0364415 242
2 0.539152 0.243401 0.0355154 0.0437583 134
