2 0.585905 0.608765 0.202763 0.246609 7
2 0.419214 0.207971 0.0209999 0.0291802 8
2 0.364807 0.192098 0.0182987 0.0265366 9
2 0.502916 0.374933 0.0984112 0.13624 10
2 0.305281 0.250596 0.0483883 0.0708484 17
2 0.374257 0.301017 0.0613839 0.0770699 34
2 0.239912 0.260505 0.0473006 0.0620705 38
2 0.199541 0.22455 0.0354647 0.0513299 72
2 0.267775 0.231643 0.0336952 0.0456258 74
2 0.24564 0.211868 0.0293686 0.03854 91
7 0.698782 0.289632 0.0556047 0.0656414 97
2 0.140298 0.193717 0.025654 0.0335941 118
2 0.824977 0.320171 0.0520166 0.0586849 121
7 0.89244 0.346289 0.0785871 0.0792359 134
7 0.14146 0.148479 0.0223874 0.0526465 123
0 0.463256 0.197612 0.00781142 0.0305455 139
7 0.311106 0.168261 0.0236753 0.0438323 2
