2 0.420418 0.473246 0.128021 0.167753 1
7 0.349146 0.182598 0.0341459 0.0504909 2
2 0.609432 0.446396 0.120072 0.156903 3
7 0.43311 0.330585 0.0898489 0.123456 4
2 0.285939 0.312696 0.06602 0.0824917 5
2 0.397886 0.208522 0.0204359 0.0274882 6
2 0.240939 0.269646 0.0493351 0.0643159 7
2 0.51532 0.239724 0.0281129 0.0366939 8
2 0.432053 0.214075 0.0244451 0.0341944 9
2 0.267593 0.234502 0.0325605 0.0537316 10
2 0.216299 0.201628 0.0249643 0.0377452 17
2 0.238539 0.219762 0.0298247 0.0369856 34
2 0.179979 0.209565 0.0266533 0.0335972 38
0 0.464255 0.201856 0.00622549 0.0304851 42
