2 0.29848 0.342392 0.073925 0.10106 1
7 0.368011 0.188616 0.0357813 0.0546381 2
2 0.404691 0.321654 0.068233 0.0927377 3
7 0.332429 0.273164 0.0602647 0.0866065 4
2 0.237083 0.270324 0.0477264 0.0608742 5
2 0.425616 0.217106 0.0234337 0.0311914 6
2 0.209282 0.243112 0.0361356 0.0513238 7
2 0.567313 0.255413 0.0327702 0.0434095 8
7 0.465647 0.225966 0.027343 0.0376371 9
2 0.237224 0.217927 0.0279941 0.0443304 10
2 0.321592 0.193133 0.0166192 0.0215769 13
2 0.198843 0.195706 0.0247014 0.0351989 17
