7 0.887935 0.617771 0.224131 0.310542 4
2 0.448358 0.475473 0.126941 0.155521 5
2 0.366177 0.198424 0.0178628 0.0251858 6
2 0.326553 0.353324 0.0836817 0.109187 7
2 0.458672 0.221598 0.0241953 0.0334951 8
2 0.392198 0.203809 0.0198421 0.0303627 9
2 0.339544 0.279788 0.0549162 0.0792546 10
7 0.251611 0.221238 0.0346907 0.0535154 17
2 0.28565 0.250303 0.0405485 0.0517799 34
2 0.204227 0.229769 0.0350419 0.0439975 38
2 0.178241 0.207679 0.0271146 0.0400672 72
2 0.227303 0.21205 0.0233756 0.0332103 74
7 0.326978 0.175571 0.0279038 0.0466608 2
2 0.204973 0.19649 0.0326287 0.0325948 91
7 0.961195 0.366031 0.0766264 0.0955336 97
2 0.251439 0.221681 0.0349848 0.0528105 105
