2 0.531444 0.555945 0.175438 0.217607 7
2 0.423511 0.211334 0.0216907 0.029843 8
2 0.367714 0.195122 0.0185031 0.0285013 9
2 0.474505 0.360117 0.0906981 0.1248 10
2 0.296702 0.248171 0.0473459 0.06851 17
2 0.359911 0.294819 0.0584461 0.0728876 34
2 0.234661 0.257477 0.045414 0.0603809 38
2 0.196351 0.223497 0.0345991 0.0493454 72
2 0.263152 0.231171 0.029903 0.0426414 74
7 0.311827 0.170809 0.0242482 0.0444232 2
2 0.241127 0.21183 0.0291465 0.0373132 91
7 0.719941 0.296786 0.05812 0.0695001 97
2 0.138287 0.194631 0.0263852 0.0316546 118
2 0.849393 0.328765 0.0533695 0.0610841 121
7 0.931856 0.358784 0.0857242 0.0836622 134
0 0.463221 0.199705 0.00783758 0.0314784 139
2 0.34485 0.191892 0.0163067 0.0236232 6
