2 0.601117 0.62301 0.210342 0.254128 7
2 0.418142 0.207474 0.0215747 0.0283872 8
2 0.36442 0.191785 0.0181771 0.0269829 9
2 0.510093 0.378837 0.100206 0.138723 10
2 0.307172 0.252273 0.0487731 0.0712303 17
2 0.377283 0.302393 0.0618327 0.0789896 34
2 0.241271 0.261527 0.0477148 0.0627943 38
2 0.199969 0.225082 0.0361961 0.0521679 72
2 0.269936 0.231589 0.0322662 0.0444941 74
2 0.246481 0.212871 0.0296087 0.0396201 91
7 0.693822 0.288526 0.0547981 0.0644412 97
2 0.140791 0.193894 0.0261306 0.034061 118
2 0.820135 0.318192 0.0511236 0.0575731 121
7 0.883887 0.343611 0.0769457 0.0780571 134
7 0.141758 0.148577 0.0219361 0.0528164 123
0 0.463253 0.19776 0.00781876 0.0305368 139
7 0.31057 0.167829 0.0238018 0.0433805 2
