3 0.399004 0.201645 0.0202474 0.0273183 8
2 0.349931 0.186666 0.0172089 0.0250185 9
2 0.778602 0.54598 0.186513 0.235301 10
2 0.362545 0.28173 0.0631971 0.0924956 17
2 0.483425 0.369358 0.0888494 0.10959 34
2 0.277256 0.292088 0.0603981 0.0790985 38
2 0.221142 0.242887 0.0427535 0.0614211 72
2 0.306799 0.255177 0.0418639 0.0542879 74
2 0.276172 0.230447 0.0386409 0.0493816 91
7 0.603964 0.261866 0.0439072 0.055305 97
2 0.155757 0.202326 0.0295478 0.0388191 118
7 0.726771 0.297511 0.0617053 0.0643894 134
2 0.250524 0.220984 0.0271821 0.0379681 184
2 0.0770178 0.158954 0.0150729 0.0185222 186
7 0.975076 0.359366 0.0490743 0.0769512 190
