2 0.344682 0.185606 0.0161149 0.0221394 8
2 0.427004 0.426816 0.117066 0.176072 72
2 0.739536 0.53144 0.1693 0.184926 74
2 0.573793 0.412841 0.122762 0.167181 91
2 0.250904 0.269758 0.0537667 0.0690797 118
2 0.395115 0.310932 0.0683688 0.0795977 184
2 0.602382 0.255243 0.0365571 0.0460906 190
7 0.159531 0.158153 0.0331713 0.0745735 123
2 0.329798 0.271068 0.0522206 0.065451 205
7 0.433606 0.209608 0.0266806 0.0389863 97
2 0.183702 0.20487 0.0303347 0.0381686 216
2 0.210422 0.1898 0.024891 0.0364004 235
2 0.514103 0.231629 0.0263023 0.0331016 242
2 0.477567 0.226613 0.0291364 0.0351659 134
2 0.187114 0.17729 0.0206357 0.0265751 260
2 0.077555 0.154622 0.0182173 0.0235356 276
