2 0.468277 0.52507 0.150785 0.192385 1
7 0.346117 0.181604 0.0325079 0.0511206 2
2 0.687582 0.4948 0.142847 0.181694 3
7 0.465313 0.349264 0.0985389 0.135804 4
2 0.299943 0.328259 0.0703064 0.086241 5
2 0.392186 0.206227 0.0190523 0.025985 6
2 0.250208 0.277058 0.0540961 0.0677703 7
2 0.505054 0.236387 0.027448 0.0372801 8
2 0.425062 0.21227 0.023729 0.0328612 9
2 0.274694 0.241056 0.0365667 0.0565543 10
2 0.221332 0.204343 0.0283164 0.0389362 17
2 0.243003 0.221598 0.0307055 0.0393804 34
2 0.183393 0.211218 0.0286472 0.0357065 38
0 0.463986 0.202385 0.00631148 0.0318768 42
