2 0.920413 0.923912 0.159174 0.143447 7
2 0.403649 0.206154 0.0200466 0.0275353 8
2 0.353828 0.192469 0.0177521 0.0281834 9
2 0.682092 0.489101 0.152821 0.199839 10
2 0.345856 0.276705 0.0595608 0.0858025 17
2 0.449245 0.351389 0.0796566 0.0988729 34
2 0.266491 0.285774 0.0569658 0.0739463 38
2 0.214858 0.241759 0.0412698 0.0590079 72
2 0.29704 0.251883 0.0396402 0.0534678 74
2 0.267253 0.228544 0.0349155 0.0460755 91
7 0.624162 0.269167 0.0467836 0.0598163 97
2 0.151824 0.20371 0.0292288 0.0368566 118
2 0.735452 0.295886 0.0334679 0.0438806 121
7 0.762098 0.310675 0.0618395 0.0656922 134
0 0.463693 0.199086 0.00727838 0.0307764 139
2 0.244883 0.221553 0.0257268 0.0380593 184
2 0.0724904 0.16101 0.0154665 0.0194402 186
