7 0.799478 0.551119 0.222629 0.270348 4
2 0.416846 0.443624 0.114117 0.140594 5
2 0.369047 0.199021 0.0179441 0.0257689 6
2 0.312573 0.338313 0.0790083 0.102131 7
2 0.463941 0.223757 0.0245021 0.033219 8
2 0.396162 0.204421 0.0211212 0.029883 9
2 0.327237 0.272359 0.0523625 0.0743691 10
2 0.247431 0.21834 0.0345876 0.0487212 17
2 0.277884 0.24531 0.038286 0.0490648 34
2 0.200688 0.227556 0.033905 0.0437555 38
2 0.176383 0.205187 0.0260216 0.0406994 72
2 0.224354 0.208444 0.0226161 0.0309045 74
7 0.329673 0.176409 0.0287481 0.0470667 2
2 0.203003 0.194471 0.029556 0.0299968 91
2 0.98677 0.378338 0.0261246 0.0809252 97
