2 0.325668 0.371802 0.0851332 0.11484 1
7 0.362198 0.186442 0.0342427 0.0524351 2
2 0.449941 0.348442 0.0782827 0.106294 3
7 0.357236 0.285931 0.0675762 0.093809 4
2 0.249229 0.282084 0.0511073 0.0652836 5
2 0.41574 0.214191 0.0221929 0.0291588 6
2 0.219265 0.250186 0.0415319 0.0542001 7
2 0.549401 0.250213 0.0312368 0.041558 8
7 0.454834 0.221453 0.0260111 0.0375088 9
2 0.245206 0.222639 0.0295029 0.0458622 10
2 0.316416 0.190662 0.0154344 0.0215181 13
2 0.203619 0.196562 0.0224868 0.0330722 17
