2 0.587276 0.645624 0.208603 0.256497 1
7 0.339763 0.180135 0.0317817 0.0493881 2
2 0.883231 0.617965 0.21223 0.250173 3
7 0.534057 0.390564 0.12022 0.164042 4
2 0.327752 0.354825 0.0786434 0.0999189 5
2 0.384017 0.204464 0.0194045 0.0266947 6
2 0.265707 0.29201 0.0595197 0.0765078 7
2 0.490675 0.232246 0.026539 0.0350252 8
2 0.415336 0.209358 0.0234585 0.0326087 9
2 0.288779 0.248842 0.0408186 0.0624146 10
2 0.22862 0.208625 0.0291173 0.0409197 17
2 0.253848 0.228949 0.0333444 0.042743 34
2 0.188392 0.215715 0.030081 0.0394198 38
0 0.463553 0.202186 0.00726881 0.0311511 42
2 0.168283 0.197243 0.0222559 0.0361464 72
