2 0.37706 0.195113 0.0181799 0.024987 8
2 0.488818 0.357765 0.096816 0.140532 17
2 0.815027 0.581223 0.193393 0.20868 34
2 0.355869 0.368058 0.090358 0.116684 38
2 0.259993 0.274788 0.0548493 0.0826732 72
2 0.375733 0.296561 0.0615245 0.0756064 74
2 0.33107 0.26611 0.0543655 0.0750805 91
2 0.182482 0.218265 0.0361908 0.0480835 118
2 0.28626 0.243291 0.0360457 0.0514776 184
2 0.098271 0.16195 0.0170082 0.0181087 186
7 0.794708 0.308832 0.056863 0.0637797 190
7 0.150042 0.1498 0.0264807 0.0587485 123
2 0.256347 0.224757 0.0330207 0.0445265 205
7 0.525055 0.238336 0.0358857 0.0505457 97
2 0.144189 0.185649 0.0213855 0.0287197 216
7 0.613761 0.263799 0.0552108 0.0508541 134
