2 0.375983 0.195418 0.0182138 0.0251618 8
2 0.49866 0.36333 0.0999657 0.145255 17
2 0.848005 0.602566 0.206109 0.220275 34
2 0.361873 0.375058 0.0921589 0.117596 38
2 0.263056 0.277895 0.056486 0.0821157 72
2 0.380366 0.303296 0.0631471 0.0835081 74
2 0.334635 0.268278 0.0551939 0.0770022 91
2 0.183715 0.220138 0.0360036 0.0470082 118
2 0.288896 0.245561 0.0356641 0.0530744 184
2 0.0992032 0.162354 0.0169048 0.0188074 186
7 0.786918 0.307044 0.0555388 0.0627383 190
7 0.15036 0.148276 0.024179 0.0560892 123
2 0.258014 0.225674 0.0337339 0.045292 205
2 0.521487 0.237168 0.0358858 0.0486592 97
2 0.144954 0.185769 0.0213608 0.0280142 216
2 0.609225 0.262641 0.0557694 0.0497435 134
7 0.521721 0.237295 0.0359331 0.0484622 229
