2 0.374627 0.195616 0.0174702 0.02507 8
2 0.512881 0.373266 0.103363 0.150017 17
2 0.89204 0.633912 0.215921 0.237184 34
2 0.370612 0.382916 0.0959593 0.123258 38
2 0.266862 0.281879 0.0574468 0.0835867 72
2 0.387061 0.303608 0.0648589 0.0795395 74
2 0.338929 0.272315 0.054203 0.0780551 91
2 0.18675 0.222449 0.0369234 0.0477118 118
2 0.291601 0.24756 0.0360549 0.0538853 184
2 0.0999713 0.16303 0.0162523 0.0201156 186
7 0.776801 0.30514 0.0554767 0.0618613 190
7 0.1501 0.14849 0.0260815 0.0536817 123
2 0.259792 0.230055 0.0346038 0.0502172 205
7 0.516802 0.237167 0.0351973 0.0476747 97
2 0.146107 0.186265 0.0217412 0.027802 216
7 0.603178 0.261123 0.0563088 0.048847 134
