2 0.388083 0.44 0.11331 0.148497 1
7 0.352741 0.183266 0.0322579 0.0514482 2
2 0.556019 0.41365 0.10524 0.139258 3
7 0.409494 0.316159 0.0822588 0.115031 4
2 0.274718 0.304016 0.0613971 0.0764797 5
2 0.401879 0.20979 0.0210593 0.0282896 6
2 0.234299 0.264065 0.04689 0.0619235 7
2 0.523398 0.242005 0.0290808 0.038545 8
2 0.437531 0.21637 0.0239633 0.0355516 9
2 0.261263 0.231421 0.0312834 0.0511797 10
2 0.211575 0.200443 0.0241178 0.0367743 17
2 0.2333 0.21647 0.0276434 0.0373583 34
2 0.177141 0.206244 0.026784 0.0362825 38
0 0.463948 0.202518 0.00645037 0.0315254 42
