2 0.388608 0.200681 0.0188067 0.0270652 8
2 0.410458 0.312337 0.076491 0.110142 17
2 0.590399 0.440819 0.117544 0.140006 34
2 0.307299 0.32289 0.0714808 0.0934827 38
2 0.2368 0.259107 0.0474854 0.0699172 72
2 0.333517 0.275299 0.0500241 0.0661367 74
2 0.298451 0.248682 0.0457025 0.0614817 91
7 0.563625 0.251698 0.0405774 0.053278 97
2 0.167208 0.212426 0.0326942 0.0398797 118
7 0.666315 0.282578 0.0483661 0.0574756 134
2 0.266254 0.231815 0.0312659 0.0428842 184
2 0.087537 0.162214 0.0166313 0.0193584 186
7 0.887567 0.336114 0.0688381 0.0739032 190
7 0.147227 0.152495 0.0258808 0.0569436 123
2 0.243684 0.214434 0.0258624 0.0325449 205
