2 0.852038 0.851116 0.295923 0.285349 7
2 0.407428 0.208344 0.0197258 0.0278392 8
2 0.356169 0.194332 0.0178785 0.0282435 9
2 0.62604 0.454754 0.134757 0.179524 10
2 0.334763 0.272166 0.0581487 0.0833924 17
2 0.42847 0.338944 0.0749186 0.0934508 34
2 0.259023 0.281241 0.0545334 0.0715002 38
2 0.210551 0.239089 0.0390809 0.0569353 72
2 0.289738 0.248378 0.038107 0.0493506 74
2 0.261878 0.226293 0.0339388 0.0432329 91
7 0.640487 0.27551 0.0485456 0.0604803 97
2 0.148493 0.203692 0.029339 0.0372372 118
2 0.75544 0.303164 0.0388662 0.0470146 121
7 0.790416 0.319706 0.064395 0.0692622 134
0 0.463246 0.200456 0.00941327 0.0323858 139
7 0.143256 0.151398 0.0220379 0.0504155 123
