3 0.381837 0.197508 0.0176871 0.0256121 8
2 0.454119 0.337972 0.0881882 0.126461 17
2 0.707935 0.513191 0.154237 0.176094 34
2 0.335053 0.349123 0.0821899 0.106003 38
2 0.249989 0.268956 0.0519295 0.0756725 72
2 0.357798 0.288215 0.0569509 0.0692915 74
2 0.317681 0.259082 0.0507594 0.0708688 91
2 0.175969 0.216941 0.0334225 0.0428148 118
2 0.632373 0.270406 0.0524022 0.0528084 134
2 0.27846 0.239966 0.0354221 0.0484253 184
2 0.0947266 0.16181 0.0172528 0.0200857 186
7 0.82778 0.317755 0.0600158 0.0679215 190
7 0.14916 0.15329 0.028342 0.0607443 123
2 0.250868 0.218614 0.0300813 0.0331145 205
2 0.539033 0.243735 0.037237 0.0507369 97
2 0.140995 0.18584 0.0215593 0.0268694 216
