2 0.91182 0.913371 0.176359 0.164154 7
2 0.404292 0.206384 0.0195949 0.0277604 8
2 0.353946 0.193013 0.0173759 0.027628 9
2 0.675222 0.485043 0.150502 0.198667 10
2 0.344563 0.276294 0.0595981 0.0854876 17
2 0.447049 0.350233 0.0790799 0.097505 34
2 0.265854 0.285464 0.0565729 0.0729965 38
2 0.214423 0.241812 0.0408431 0.0587447 72
2 0.296181 0.251349 0.0390747 0.0525215 74
2 0.267128 0.228256 0.0350432 0.0449856 91
7 0.625872 0.270442 0.0468458 0.0594865 97
2 0.151592 0.203627 0.0290357 0.0368932 118
2 0.736772 0.2969 0.0322798 0.0451247 121
7 0.76452 0.311333 0.0623767 0.066183 134
0 0.463699 0.199587 0.00787636 0.0312086 139
7 0.143757 0.152913 0.0225735 0.0566984 123
2 0.244318 0.221719 0.0255413 0.0379304 184
