2 0.3919 0.200396 0.0189965 0.0274853 8
2 0.933343 0.681374 0.133314 0.310337 10
2 0.392329 0.300291 0.0711596 0.103523 17
2 0.549199 0.412401 0.106742 0.128688 34
2 0.296289 0.309696 0.0670113 0.0892662 38
2 0.230832 0.251484 0.0453251 0.0681663 72
2 0.323229 0.265879 0.047388 0.060918 74
2 0.290532 0.241708 0.0412999 0.0573301 91
7 0.576215 0.253667 0.0407653 0.0536448 97
2 0.163412 0.207335 0.032348 0.040617 118
7 0.685604 0.286724 0.0499219 0.059067 134
2 0.260852 0.227402 0.0303018 0.0399659 184
2 0.0842794 0.160183 0.0181529 0.0198388 186
7 0.919367 0.343303 0.0725103 0.0760584 190
7 0.145889 0.142755 0.0234734 0.0417868 123
2 0.240672 0.212646 0.0246518 0.0328684 205
