2 0.376336 0.195181 0.0179707 0.0254372 8
2 0.495442 0.361543 0.0990911 0.143347 17
2 0.836078 0.595154 0.201974 0.216478 34
2 0.359688 0.372587 0.0914722 0.117278 38
2 0.261773 0.2766 0.0552329 0.0821584 72
2 0.378693 0.299836 0.0624734 0.0803955 74
2 0.333605 0.267494 0.0550937 0.0764042 91
2 0.183227 0.219953 0.0363704 0.0470745 118
2 0.288205 0.244753 0.0358645 0.0526905 184
2 0.098753 0.162465 0.0169373 0.0176318 186
7 0.789206 0.307692 0.0560281 0.0634858 190
7 0.150004 0.148952 0.0254466 0.0573037 123
2 0.257882 0.224974 0.0337094 0.0437177 205
7 0.522616 0.237372 0.0358752 0.048897 97
2 0.144744 0.185554 0.0211246 0.0283455 216
2 0.610473 0.262824 0.0561759 0.0500894 134
