2 0.686197 0.71544 0.23881 0.278673 5
2 0.353108 0.194193 0.0159522 0.0224032 6
2 0.412937 0.43843 0.120439 0.153113 7
2 0.437476 0.216338 0.0218854 0.0300672 8
2 0.377408 0.19868 0.019849 0.0287192 9
2 0.402753 0.315152 0.0715519 0.0996288 10
2 0.274474 0.235975 0.0406933 0.0600367 17
2 0.321069 0.272827 0.050689 0.0632628 34
2 0.220257 0.244618 0.0406562 0.0532385 38
2 0.188346 0.216692 0.0312547 0.0454396 72
2 0.246093 0.222279 0.0260748 0.0383192 74
7 0.317859 0.173411 0.0264509 0.0446808 2
2 0.226736 0.204686 0.0255037 0.0327931 91
7 0.805838 0.320583 0.0714664 0.0824884 97
2 0.131537 0.190993 0.0238633 0.0297645 118
2 0.944246 0.355593 0.0648794 0.068703 121
0 0.463196 0.200538 0.00887219 0.0329425 124
