2 0.864764 0.879699 0.270472 0.228098 1
7 0.676642 0.476623 0.170887 0.219528 4
2 0.37857 0.405436 0.0980404 0.123184 5
2 0.37413 0.200726 0.01873 0.0245621 6
2 0.293547 0.319477 0.0702124 0.0924019 7
2 0.473524 0.225943 0.0249671 0.0350094 8
7 0.402439 0.206264 0.022765 0.0318343 9
2 0.312301 0.262534 0.0484475 0.0687397 10
2 0.240289 0.214098 0.0310229 0.0470313 17
2 0.269136 0.238182 0.0365565 0.04677 34
2 0.196215 0.221639 0.0327497 0.0423621 38
2 0.172595 0.201548 0.0240158 0.0378103 72
2 0.217705 0.204593 0.0188418 0.0265055 74
7 0.333813 0.177237 0.0293461 0.0486969 2
