2 0.764341 0.795518 0.282815 0.323326 5
2 0.351044 0.196378 0.0163927 0.0226028 6
2 0.434847 0.46091 0.129755 0.164695 7
2 0.434175 0.217136 0.0218616 0.0298194 8
2 0.374969 0.19948 0.0187246 0.028198 9
2 0.417286 0.327645 0.07493 0.106376 10
2 0.279706 0.241251 0.0416739 0.0606621 17
2 0.329666 0.279462 0.0513984 0.064415 34
2 0.223129 0.249233 0.0415818 0.0543215 38
2 0.190351 0.22016 0.0328686 0.0459641 72
2 0.249894 0.226717 0.0273479 0.0387476 74
7 0.317671 0.174489 0.0285127 0.0453535 2
2 0.229741 0.208526 0.0251073 0.0347342 91
7 0.782723 0.316097 0.0686736 0.0784782 97
2 0.132556 0.194464 0.023656 0.0297643 118
2 0.919834 0.350364 0.0619026 0.0662623 121
