2 0.389713 0.200658 0.0187492 0.0264429 8
2 0.977814 0.716484 0.0443728 0.265177 10
2 0.403793 0.308753 0.0741036 0.107844 17
2 0.576023 0.43078 0.114042 0.136172 34
2 0.303395 0.319169 0.0702003 0.0927253 38
2 0.234687 0.256573 0.0469076 0.0694475 72
2 0.329524 0.272192 0.0493876 0.0644175 74
2 0.295451 0.246227 0.0443054 0.0599716 91
7 0.567733 0.253013 0.0405573 0.0529444 97
2 0.166238 0.211062 0.0323618 0.0404967 118
7 0.671917 0.283866 0.0488111 0.0579282 134
2 0.264213 0.230898 0.0301812 0.0421182 184
2 0.0864251 0.162042 0.0171582 0.0182611 186
7 0.897801 0.338748 0.0701459 0.0741997 190
7 0.147014 0.150424 0.0253763 0.0537712 123
2 0.242137 0.213553 0.0254392 0.0324129 205
0 0.463258 0.197436 0.00860341 0.0296182 139
