7 0.903969 0.641901 0.192061 0.327379 4
2 0.459075 0.486601 0.132427 0.160504 5
2 0.364605 0.19848 0.0180298 0.0245814 6
2 0.330743 0.357019 0.0857858 0.112314 7
2 0.456515 0.221329 0.0234292 0.0330877 8
2 0.390802 0.20314 0.0206133 0.0311095 9
2 0.342988 0.28143 0.0560477 0.079814 10
2 0.253323 0.222712 0.0357597 0.0522889 17
2 0.288092 0.251547 0.0409058 0.0512872 34
2 0.20518 0.230818 0.0363839 0.0457418 38
2 0.17898 0.208688 0.0285809 0.0396033 72
2 0.227815 0.213211 0.0241302 0.0333336 74
7 0.326172 0.175356 0.028601 0.0466663 2
2 0.206359 0.196496 0.0336029 0.0307187 91
7 0.954577 0.365788 0.0903809 0.0948091 97
