2 0.379379 0.195775 0.0189153 0.0249972 8
2 0.473413 0.349181 0.0934162 0.134535 17
2 0.766045 0.549274 0.174468 0.193244 34
2 0.346709 0.35948 0.0869131 0.112543 38
2 0.255475 0.271516 0.0544507 0.0801974 72
2 0.368046 0.293399 0.0594355 0.0740982 74
2 0.32537 0.262009 0.0528453 0.0728984 91
2 0.179127 0.217535 0.0355839 0.0456016 118
7 0.62154 0.265966 0.0537856 0.052151 134
2 0.283143 0.241682 0.0371011 0.0505919 184
2 0.096632 0.161522 0.017483 0.0184322 186
7 0.808111 0.312173 0.0588542 0.0656396 190
7 0.149681 0.151803 0.0274541 0.0617835 123
2 0.254118 0.222269 0.032253 0.0402985 205
7 0.530595 0.240534 0.0359259 0.048441 97
2 0.143011 0.185311 0.021077 0.026468 216
2 0.621809 0.265879 0.05376 0.0516307 222
