2 0.38855 0.200464 0.0187593 0.0270842 8
2 0.412016 0.313654 0.0765977 0.111705 17
2 0.595859 0.44373 0.11974 0.140587 34
2 0.308567 0.323795 0.0718919 0.0947268 38
2 0.237235 0.259755 0.0481814 0.0701503 72
2 0.334205 0.276085 0.0511374 0.0664173 74
2 0.299143 0.249333 0.0453243 0.0627434 91
2 0.562173 0.251394 0.0405807 0.0534002 97
2 0.167672 0.212853 0.0329365 0.039673 118
2 0.664127 0.281774 0.0483159 0.0575222 134
2 0.266331 0.232727 0.0328348 0.0430472 184
2 0.0879062 0.161996 0.0169827 0.0198924 186
7 0.884368 0.335374 0.0687846 0.0732069 190
7 0.147109 0.151477 0.0254849 0.0545618 123
2 0.24413 0.214392 0.0263645 0.0321325 205
7 0.664663 0.282085 0.0490564 0.0580428 206
