2 0.400338 0.20297 0.0202218 0.0273244 8
2 0.350657 0.188131 0.0176902 0.0270265 9
2 0.751489 0.529834 0.176341 0.224481 10
2 0.357985 0.280805 0.0634885 0.0906857 17
2 0.474682 0.364451 0.087242 0.106059 34
2 0.274173 0.290131 0.0593035 0.077248 38
2 0.219119 0.242652 0.0417839 0.0600276 72
2 0.303848 0.253937 0.0423335 0.0539545 74
2 0.27462 0.229758 0.0378491 0.0473764 91
7 0.608587 0.263216 0.0445142 0.0559972 97
2 0.154558 0.20263 0.0291258 0.0375359 118
7 0.73341 0.300207 0.065799 0.0657363 134
2 0.249125 0.221569 0.0273821 0.0383373 184
2 0.0757968 0.159062 0.0158103 0.0188058 186
7 0.981381 0.361962 0.0362151 0.0772346 190
