2 0.335967 0.186386 0.0151655 0.0214146 8
2 0.580216 0.579083 0.18782 0.267761 72
2 0.804242 0.559485 0.204239 0.255668 91
2 0.287288 0.301235 0.0658595 0.0837459 118
2 0.468478 0.36384 0.0888014 0.10648 184
2 0.561718 0.247706 0.0327715 0.0424991 190
7 0.162552 0.16356 0.0337186 0.0801449 123
2 0.371294 0.298807 0.0623893 0.0785946 205
2 0.411795 0.206611 0.0249172 0.0377062 97
2 0.201465 0.218168 0.0319513 0.0415747 216
2 0.220853 0.199683 0.0245038 0.0393902 235
2 0.487408 0.227539 0.0238708 0.0296394 242
2 0.448449 0.220202 0.0264987 0.0348461 134
2 0.193842 0.182035 0.019865 0.0275884 260
2 0.915234 0.343218 0.0679995 0.0720439 289
2 0.0903454 0.158971 0.0196279 0.0237916 276
