2 0.387576 0.200599 0.0187395 0.0270968 8
2 0.416335 0.316399 0.0776893 0.11257 17
2 0.606584 0.45017 0.123243 0.144862 34
2 0.311312 0.326156 0.0731388 0.0963906 38
2 0.238766 0.261451 0.0485964 0.0696305 72
2 0.337644 0.279041 0.0492537 0.0677065 74
2 0.301196 0.250491 0.0462167 0.0633831 91
2 0.559494 0.250523 0.0391703 0.052329 97
2 0.168643 0.213704 0.0327824 0.0410678 118
7 0.659564 0.280268 0.0483203 0.0575715 134
2 0.267624 0.234109 0.0332816 0.0445247 184
2 0.0885486 0.163032 0.0165978 0.0203459 186
7 0.877473 0.334014 0.0673386 0.0722825 190
7 0.147076 0.15156 0.0250892 0.0541918 123
2 0.244244 0.214591 0.0273211 0.033197 205
2 0.659822 0.280179 0.0484174 0.0563659 206
7 0.559803 0.250615 0.0390942 0.0523916 207
