2 0.322246 0.367109 0.0845133 0.115302 1
7 0.362531 0.186568 0.0342913 0.0533867 2
2 0.444708 0.345024 0.0772456 0.103191 3
7 0.354347 0.284403 0.0666914 0.0934699 4
2 0.248118 0.28087 0.0514634 0.064241 5
2 0.416736 0.214219 0.0228758 0.0291204 6
2 0.217721 0.249181 0.039608 0.0535425 7
2 0.550868 0.250313 0.0314868 0.0416942 8
7 0.456172 0.221454 0.0252599 0.0374646 9
2 0.24397 0.221864 0.0295671 0.0450848 10
2 0.316831 0.190684 0.0147747 0.0216399 13
2 0.202845 0.196254 0.0232017 0.0326168 17
