7 0.779622 0.539387 0.213333 0.261577 4
2 0.411471 0.438145 0.112208 0.138272 5
2 0.369417 0.198755 0.0179696 0.0261767 6
2 0.30974 0.335368 0.077478 0.101397 7
2 0.46491 0.224215 0.0251339 0.0326269 8
2 0.39734 0.204307 0.0207906 0.0305192 9
2 0.325833 0.271298 0.0513745 0.0742813 10
2 0.246062 0.217457 0.0339595 0.0493229 17
2 0.277063 0.244446 0.0379148 0.0480288 34
2 0.200344 0.226641 0.0338853 0.0434629 38
2 0.175823 0.204585 0.0251835 0.0394192 72
2 0.223521 0.207377 0.0232913 0.0291017 74
7 0.330264 0.176433 0.028622 0.0479828 2
2 0.201882 0.193031 0.0294443 0.0281968 91
