2 0.306476 0.350716 0.0786982 0.103223 1
7 0.366434 0.187907 0.036092 0.0547935 2
2 0.41675 0.328701 0.0703222 0.0955552 3
7 0.339468 0.276153 0.0623336 0.087203 4
2 0.240569 0.273324 0.0494889 0.0622242 5
2 0.42291 0.215295 0.0228518 0.0295777 6
2 0.21161 0.245218 0.0366741 0.0530059 7
2 0.561956 0.253358 0.0316019 0.0422677 8
7 0.462526 0.224113 0.026527 0.0377326 9
2 0.239215 0.219124 0.0286659 0.0449538 10
2 0.320201 0.191533 0.0153398 0.0220967 13
2 0.198921 0.195211 0.0233966 0.0339141 17
