2 0.371925 0.196596 0.0171875 0.0242959 8
2 0.54378 0.392844 0.112067 0.161611 17
2 0.939322 0.706329 0.121356 0.26463 34
2 0.388561 0.403135 0.103047 0.133068 38
2 0.274204 0.28907 0.0594064 0.0881979 72
2 0.401732 0.314453 0.068759 0.081853 74
2 0.351004 0.279151 0.0599867 0.0809672 91
2 0.190291 0.226168 0.037475 0.0493838 118
2 0.296976 0.252674 0.0367511 0.0553112 184
7 0.757784 0.301808 0.0530093 0.0604631 190
7 0.15073 0.154958 0.0290418 0.0623635 123
2 0.26428 0.232243 0.0352748 0.0449865 205
7 0.508566 0.236024 0.0348332 0.04699 97
2 0.148273 0.188732 0.0227639 0.0320802 216
2 0.191967 0.182013 0.0219219 0.0291295 235
2 0.58212 0.259196 0.0373874 0.0477965 231
2 0.60922 0.260839 0.0243727 0.0404088 242
0 0.463302 0.197388 0.00781225 0.0305506 243
