2 0.444385 0.499792 0.139402 0.180105 1
7 0.347128 0.18205 0.0340717 0.050479 2
2 0.648536 0.470641 0.131133 0.168569 3
7 0.449072 0.341012 0.0934334 0.130198 4
2 0.292985 0.321533 0.0672491 0.0837884 5
2 0.394702 0.20693 0.0197803 0.0279206 6
2 0.245565 0.274346 0.0520016 0.0666686 7
2 0.510033 0.238025 0.0280981 0.0369471 8
2 0.428216 0.213022 0.0248226 0.0328312 9
2 0.271441 0.238095 0.0351536 0.0554963 10
2 0.220501 0.203723 0.0289485 0.0384373 17
2 0.240364 0.221077 0.029769 0.0381924 34
2 0.181823 0.210162 0.0290099 0.036158 38
0 0.463626 0.201962 0.00702782 0.0299357 42
