2 0.751279 0.775911 0.297139 0.34895 7
2 0.411715 0.20803 0.0210508 0.0283525 8
2 0.359377 0.193141 0.0187994 0.0266379 9
2 0.574693 0.421368 0.118748 0.160701 10
2 0.32261 0.263363 0.0520891 0.0778277 17
2 0.406565 0.32303 0.0693667 0.0865441 34
2 0.251396 0.272573 0.0514007 0.067202 38
2 0.206637 0.233445 0.0379979 0.0550385 72
2 0.281785 0.243023 0.0375042 0.049623 74
2 0.255544 0.220511 0.032923 0.0414432 91
7 0.659986 0.280097 0.0504103 0.0613685 97
2 0.145454 0.198629 0.0272938 0.0354609 118
2 0.779117 0.308473 0.043709 0.0502942 121
7 0.823273 0.327504 0.068608 0.0728446 134
7 0.30893 0.170248 0.0194425 0.0430146 2
0 0.463284 0.198103 0.00781209 0.0297464 139
7 0.142557 0.15235 0.0225291 0.0544571 123
