2 0.382153 0.197622 0.0179338 0.0254947 8
2 0.45148 0.336452 0.0873531 0.125462 17
2 0.700661 0.508271 0.151611 0.173667 34
2 0.333407 0.347468 0.0819018 0.103729 38
2 0.249599 0.268881 0.0516639 0.0747231 72
2 0.356492 0.288318 0.0564284 0.0713385 74
2 0.316841 0.258693 0.0504161 0.0704779 91
2 0.1758 0.216637 0.0330669 0.0429388 118
2 0.634023 0.270882 0.0523369 0.0531285 134
2 0.277667 0.240027 0.0357392 0.0485507 184
2 0.0942255 0.161907 0.0167879 0.0199251 186
7 0.83055 0.318793 0.0608865 0.069157 190
7 0.148909 0.152497 0.0278434 0.0589506 123
2 0.250605 0.219117 0.0304397 0.033867 205
7 0.540237 0.244146 0.0369279 0.0508502 97
