2 0.278367 0.321359 0.0668605 0.0894809 1
7 0.374134 0.190598 0.035451 0.0541176 2
2 0.370627 0.30267 0.0597974 0.0817561 3
7 0.312125 0.262104 0.0542453 0.0776781 4
2 0.226511 0.261869 0.0460987 0.0545673 5
2 0.435798 0.221052 0.0234231 0.0296193 6
2 0.202837 0.235806 0.0340302 0.0479728 7
2 0.58631 0.261162 0.0348505 0.0446709 8
7 0.478124 0.229845 0.0279591 0.0401093 9
2 0.229467 0.21466 0.0272874 0.0397981 10
2 0.326679 0.195782 0.015616 0.0221459 13
2 0.193476 0.195206 0.0198862 0.0327955 17
