2 0.879728 0.885923 0.240545 0.216217 5
2 0.479376 0.505918 0.150102 0.187445 7
2 0.428424 0.215616 0.0214982 0.0289041 8
2 0.371051 0.199396 0.0192467 0.028185 9
2 0.444396 0.344659 0.0828484 0.115034 10
2 0.28876 0.246383 0.044892 0.0658319 17
2 0.344839 0.289284 0.0547012 0.0671874 34
2 0.228928 0.255376 0.0435701 0.0569574 38
2 0.193235 0.223962 0.0336837 0.0471874 72
2 0.256614 0.230801 0.0280287 0.0417349 74
7 0.313519 0.174223 0.0250132 0.0432277 2
2 0.235612 0.212961 0.0279181 0.0345029 91
7 0.74869 0.306409 0.062994 0.0745857 97
2 0.136008 0.197346 0.0252921 0.0295179 118
2 0.881166 0.339744 0.0577738 0.0645992 121
7 0.970002 0.371832 0.0588397 0.084001 134
7 0.139863 0.152709 0.0207395 0.0491934 123
