2 0.399255 0.450879 0.118282 0.155259 1
7 0.351066 0.18296 0.0330768 0.0502926 2
2 0.574129 0.423778 0.109654 0.145916 3
7 0.417564 0.321126 0.0849718 0.11879 4
2 0.278597 0.306802 0.0627549 0.0788782 5
2 0.400039 0.208998 0.0216527 0.0276142 6
2 0.236838 0.26577 0.0467328 0.0625852 7
2 0.52031 0.240533 0.0286233 0.0379607 8
2 0.435254 0.215074 0.0249863 0.0354037 9
2 0.263624 0.231993 0.0326527 0.0523225 10
2 0.212152 0.200735 0.0249797 0.0370135 17
2 0.234838 0.217439 0.0287105 0.0372273 34
2 0.178536 0.205961 0.0268316 0.0374002 38
0 0.463396 0.202271 0.00628319 0.0314022 42
