2 0.763711 0.788898 0.304848 0.35701 7
2 0.411566 0.208175 0.0205598 0.0281978 8
7 0.359004 0.19316 0.0185122 0.0264562 9
2 0.579298 0.424655 0.120152 0.161431 10
2 0.323723 0.264001 0.0523193 0.0783824 17
2 0.408559 0.324789 0.0700082 0.0873389 34
2 0.252343 0.273654 0.0513274 0.0669319 38
2 0.207027 0.234515 0.0379661 0.0549718 72
2 0.281921 0.243658 0.0391264 0.0499966 74
2 0.256668 0.221617 0.0319423 0.0412081 91
7 0.657815 0.28028 0.0500288 0.0615818 97
2 0.14578 0.199439 0.0285039 0.0359233 118
2 0.776782 0.308006 0.0430334 0.0508866 121
7 0.820044 0.326709 0.0685757 0.0727998 134
7 0.308921 0.170494 0.0194278 0.0430388 2
0 0.463264 0.19839 0.00781164 0.0295685 139
7 0.142527 0.152212 0.0224503 0.0549307 123
