2 0.931401 0.935087 0.137198 0.122063 7
2 0.40312 0.205606 0.0203437 0.0267621 8
2 0.353555 0.192026 0.0178956 0.0279394 9
2 0.688621 0.492804 0.154666 0.201574 10
2 0.34696 0.276828 0.0595344 0.0861393 17
2 0.452064 0.352681 0.0798573 0.0998334 34
2 0.267233 0.286084 0.0571048 0.0747544 38
2 0.215279 0.241822 0.0414258 0.058874 72
2 0.29723 0.252172 0.0403602 0.0535951 74
2 0.268193 0.228513 0.0351175 0.0460324 91
7 0.622575 0.267679 0.0467693 0.0606352 97
2 0.152043 0.203487 0.0295565 0.0370711 118
2 0.73245 0.295196 0.0318167 0.0436633 121
7 0.759523 0.309432 0.0611305 0.0652957 134
2 0.245218 0.221473 0.0260553 0.0381151 184
2 0.0728852 0.160667 0.0156653 0.0197069 186
