2 0.401815 0.454146 0.118946 0.156346 1
7 0.350599 0.182744 0.033437 0.0495822 2
2 0.578601 0.426775 0.111353 0.14633 3
7 0.419469 0.322477 0.0857967 0.11949 4
2 0.279332 0.307516 0.0626901 0.0789905 5
2 0.399834 0.208991 0.0213047 0.0272321 6
2 0.237435 0.2662 0.0478855 0.0628248 7
2 0.519243 0.240522 0.0287779 0.0380927 8
2 0.434978 0.214922 0.0244835 0.0351885 9
2 0.264327 0.232514 0.032822 0.0526866 10
2 0.212681 0.200632 0.0245063 0.0373562 17
2 0.235151 0.217731 0.0284109 0.037016 34
2 0.178449 0.206184 0.0266713 0.0371008 38
0 0.463546 0.202392 0.00622463 0.0312872 42
