2 0.52028 0.546837 0.159444 0.190173 5
2 0.359929 0.197358 0.017975 0.0237308 6
2 0.355706 0.380956 0.0953417 0.124045 7
2 0.449862 0.219772 0.0236957 0.0312546 8
2 0.385872 0.200928 0.0202114 0.0314757 9
2 0.36247 0.292471 0.0607296 0.0866418 10
2 0.25968 0.227031 0.0355028 0.0527461 17
2 0.299053 0.258295 0.0440895 0.0547526 34
2 0.209657 0.235064 0.0374147 0.04866 38
2 0.182824 0.211098 0.0307364 0.0417204 72
2 0.233773 0.214662 0.0246799 0.0336503 74
7 0.323132 0.173833 0.0275899 0.0447094 2
2 0.21742 0.199297 0.02315 0.0311652 91
7 0.893861 0.344717 0.0852184 0.0942871 97
