2 0.357384 0.190054 0.0166686 0.0231823 8
2 0.856031 0.579026 0.222708 0.285826 17
2 0.561986 0.574657 0.181881 0.222391 38
2 0.330376 0.338023 0.0802578 0.114412 72
2 0.513197 0.382942 0.0966951 0.115193 74
2 0.430584 0.324861 0.0823804 0.112419 91
2 0.216234 0.243719 0.0439946 0.056452 118
2 0.334336 0.272061 0.0537962 0.0578813 184
7 0.668636 0.274706 0.0436633 0.0522069 190
7 0.154109 0.155151 0.0283747 0.0679841 123
2 0.292963 0.246988 0.0436549 0.054443 205
7 0.466412 0.220214 0.0297043 0.0420194 97
2 0.163796 0.192763 0.0242012 0.0359828 216
2 0.200528 0.184277 0.0225005 0.0317384 235
2 0.554724 0.244371 0.0280746 0.0362993 242
2 0.523245 0.239039 0.0328527 0.0421474 134
2 0.180375 0.173436 0.0176135 0.0249613 260
