2 0.522068 0.580453 0.177595 0.223019 1
7 0.343138 0.180957 0.0300995 0.0510852 2
2 0.776036 0.550881 0.172427 0.212026 3
7 0.498478 0.369752 0.109583 0.149779 4
2 0.314507 0.341712 0.0764696 0.0924959 5
2 0.387487 0.205965 0.0197186 0.0269762 6
2 0.257675 0.284196 0.0574807 0.0716943 7
2 0.497393 0.23455 0.0274742 0.0360837 8
2 0.42015 0.210425 0.0234216 0.0319483 9
2 0.281926 0.244982 0.0388731 0.0589786 10
2 0.224446 0.206324 0.0265189 0.0397614 17
2 0.248051 0.226534 0.0313074 0.0394721 34
2 0.185741 0.212338 0.0282793 0.0386422 38
0 0.463226 0.202832 0.00625035 0.0318673 42
