2 0.41697 0.469797 0.126216 0.164937 1
7 0.349262 0.182546 0.0335058 0.0505707 2
2 0.603403 0.442078 0.118041 0.154632 3
7 0.430573 0.328725 0.0889501 0.121929 4
2 0.284477 0.310067 0.0647456 0.0848859 5
2 0.397741 0.208465 0.0206358 0.0274953 6
2 0.24058 0.268658 0.0491856 0.0645499 7
2 0.515591 0.239723 0.0281028 0.036444 8
2 0.432244 0.214027 0.0247779 0.0344367 9
2 0.266965 0.234029 0.0326277 0.0531587 10
2 0.215752 0.20141 0.0254773 0.0379315 17
2 0.238166 0.219368 0.0297692 0.0370657 34
2 0.17941 0.207847 0.0267313 0.0346628 38
0 0.463415 0.201568 0.00621799 0.0309813 42
