2 0.840054 0.839209 0.319893 0.311475 7
2 0.408456 0.20865 0.0203219 0.0278088 8
2 0.356667 0.194555 0.0186499 0.0285267 9
2 0.615118 0.447786 0.131075 0.174667 10
2 0.332407 0.270272 0.0564127 0.08198 17
2 0.423461 0.336068 0.0729909 0.0916974 34
2 0.257473 0.279105 0.0538892 0.0718786 38
2 0.209775 0.23767 0.0391017 0.0562486 72
2 0.287696 0.247574 0.0382097 0.0493276 74
2 0.260706 0.225414 0.0336888 0.0423455 91
7 0.643941 0.275676 0.0488089 0.0615729 97
2 0.148133 0.203074 0.0291663 0.0362488 118
2 0.760848 0.304178 0.0405827 0.0485868 121
7 0.796637 0.320871 0.0654296 0.0703762 134
0 0.463351 0.200016 0.00923246 0.0317356 139
7 0.142931 0.154061 0.0227925 0.0554484 123
