2 0.385887 0.20063 0.0183972 0.0256376 8
2 0.424837 0.321964 0.0802779 0.116651 17
2 0.628459 0.465077 0.129598 0.151087 34
2 0.316491 0.331837 0.0749623 0.0988643 38
2 0.241162 0.263827 0.0490538 0.0713722 72
2 0.342141 0.282503 0.0518833 0.0701769 74
2 0.305298 0.253385 0.0468019 0.0661249 91
2 0.170088 0.214317 0.0330223 0.0420143 118
2 0.652443 0.278758 0.0492692 0.0547862 134
2 0.270697 0.236379 0.0333463 0.0465684 184
2 0.0899098 0.163357 0.0162265 0.019914 186
7 0.864056 0.33041 0.065564 0.0700406 190
7 0.147583 0.150156 0.0253206 0.0529158 123
2 0.245184 0.216876 0.0288616 0.0335969 205
7 0.652808 0.278971 0.0493711 0.0551294 208
7 0.554177 0.249827 0.0392623 0.0515289 97
