2 0.397581 0.200613 0.0194783 0.0268149 8
2 0.348771 0.186077 0.0182202 0.0250725 9
2 0.818674 0.570431 0.200817 0.250738 10
2 0.368595 0.285271 0.064851 0.094675 17
2 0.496427 0.377217 0.09216 0.113292 34
2 0.281035 0.295312 0.0614882 0.0817341 38
2 0.223056 0.243729 0.0430439 0.063068 72
2 0.309689 0.256431 0.0430376 0.0552265 74
2 0.279693 0.231724 0.0390816 0.0500033 91
7 0.597524 0.259149 0.0437381 0.0549968 97
2 0.157266 0.202374 0.0297488 0.0395251 118
7 0.717858 0.293755 0.05816 0.0636223 134
2 0.252693 0.222369 0.0292499 0.0404899 184
2 0.0790699 0.159149 0.0160088 0.0187607 186
7 0.966861 0.355799 0.0656012 0.0772859 190
7 0.145776 0.148867 0.0250773 0.055251 123
