2 0.398681 0.201188 0.0197783 0.026692 8
2 0.349688 0.186686 0.0171682 0.0249176 9
2 0.787328 0.551917 0.189052 0.239444 10
2 0.364072 0.282973 0.0635913 0.0930214 17
2 0.486412 0.371528 0.0902279 0.110846 34
2 0.278081 0.293057 0.0608409 0.0794965 38
2 0.221761 0.242987 0.0429506 0.0619772 72
2 0.307051 0.255129 0.0426555 0.0542541 74
2 0.276608 0.23042 0.0395106 0.0489948 91
7 0.602474 0.26145 0.0442336 0.055357 97
2 0.156177 0.202436 0.029398 0.0384589 118
7 0.724496 0.296563 0.0600597 0.0639787 134
2 0.251062 0.221616 0.027829 0.0390181 184
2 0.0774143 0.159038 0.0151542 0.0186478 186
7 0.972675 0.357849 0.0528133 0.0765037 190
