2 0.377988 0.195114 0.0182461 0.0250051 8
2 0.482575 0.35363 0.0951035 0.137345 17
2 0.795215 0.568096 0.18581 0.203228 34
2 0.35257 0.364107 0.0890062 0.114185 38
2 0.258115 0.272938 0.0550892 0.0838891 72
2 0.37259 0.295083 0.0608404 0.075261 74
2 0.329167 0.264282 0.0547589 0.0741554 91
2 0.181077 0.217889 0.0369195 0.0468537 118
2 0.284872 0.242685 0.0365351 0.0513005 184
2 0.0978298 0.162457 0.0176924 0.0180172 186
7 0.799874 0.310526 0.057016 0.0643202 190
7 0.149487 0.150427 0.0273616 0.0599464 123
2 0.255489 0.222155 0.0312501 0.0397515 205
7 0.527245 0.238969 0.0360031 0.0501127 97
2 0.144027 0.185499 0.0213559 0.0282587 216
2 0.617056 0.264567 0.0546389 0.0507274 134
