2 0.596631 0.621964 0.19416 0.228563 5
2 0.356555 0.193866 0.0171411 0.0251747 6
2 0.383748 0.407472 0.10778 0.138747 7
2 0.442731 0.216297 0.0218082 0.0300526 8
2 0.381119 0.198115 0.0195053 0.0306047 9
2 0.383042 0.300744 0.0664859 0.0904584 10
2 0.267483 0.228845 0.038552 0.0575546 17
2 0.310492 0.26429 0.0483804 0.0583187 34
2 0.215281 0.237528 0.0384466 0.0506861 38
2 0.185413 0.212497 0.0305202 0.0438272 72
2 0.240728 0.216076 0.0259091 0.0365729 74
7 0.320477 0.171767 0.0262748 0.0469169 2
2 0.223059 0.198857 0.0245574 0.0300522 91
7 0.842825 0.333342 0.0765256 0.080258 97
2 0.130996 0.187457 0.0239624 0.0294578 118
2 0.975045 0.363438 0.0476142 0.0684546 121
7 0.138682 0.149305 0.0199274 0.0487203 123
