2 0.346013 0.186312 0.0156329 0.0218659 8
2 0.906313 0.897191 0.187374 0.189815 38
2 0.409137 0.411262 0.110227 0.162339 72
2 0.693938 0.5019 0.152935 0.170621 74
2 0.547372 0.396075 0.115365 0.157568 91
2 0.244915 0.26626 0.0508752 0.0662709 118
2 0.385568 0.30413 0.0668631 0.0774697 184
7 0.610548 0.258439 0.0379381 0.0467041 190
7 0.158324 0.15777 0.0323679 0.0741296 123
2 0.324147 0.267533 0.0507163 0.0636682 205
7 0.438167 0.210666 0.0267131 0.0400664 97
2 0.18021 0.203696 0.0283682 0.036071 216
2 0.208799 0.189433 0.0242868 0.0359147 235
2 0.519474 0.233062 0.024987 0.0334745 242
2 0.483295 0.228225 0.0301365 0.0375173 134
2 0.186684 0.17756 0.0192415 0.0276269 260
2 0.0750024 0.155843 0.0189991 0.0238653 276
