2 0.61832 0.644723 0.204333 0.240056 5
2 0.355697 0.194207 0.0163994 0.0246685 6
2 0.39123 0.414848 0.111114 0.142561 7
2 0.441221 0.215735 0.0218254 0.0304079 8
2 0.380324 0.198089 0.019544 0.0307569 9
2 0.387783 0.303234 0.0676804 0.0927395 10
2 0.269708 0.230729 0.0386055 0.0577823 17
2 0.3132 0.265965 0.048524 0.0599375 34
2 0.216612 0.239256 0.038842 0.0512541 38
2 0.186396 0.213277 0.0306152 0.0431432 72
2 0.241751 0.217192 0.0270624 0.0369581 74
7 0.319503 0.17165 0.0259825 0.0460927 2
2 0.225107 0.199965 0.0231668 0.0319488 91
7 0.831654 0.329135 0.0751884 0.081407 97
2 0.130964 0.188471 0.0233418 0.0290289 118
2 0.969813 0.361789 0.0590447 0.0690458 121
7 0.139222 0.148927 0.0193038 0.0474275 123
