2 0.54064 0.568179 0.167667 0.201184 5
2 0.358905 0.197056 0.016737 0.0236196 6
2 0.363719 0.388949 0.0986683 0.129003 7
2 0.447373 0.21956 0.0232653 0.032171 8
2 0.384337 0.200509 0.0195894 0.0315387 9
2 0.368453 0.296149 0.0633012 0.0896683 10
2 0.26214 0.228006 0.0360045 0.0541036 17
2 0.302078 0.260564 0.0451597 0.0563254 34
2 0.211366 0.237221 0.0388686 0.0489349 38
2 0.183095 0.211698 0.0302139 0.0415777 72
2 0.236191 0.216238 0.0252228 0.0354832 74
7 0.322546 0.173117 0.0266851 0.0441586 2
2 0.219154 0.200473 0.0227741 0.0326625 91
7 0.877389 0.340666 0.0823085 0.0925828 97
2 0.127662 0.187667 0.0224837 0.0295391 118
