2 0.289553 0.33332 0.0707305 0.0965447 1
7 0.370913 0.189213 0.0361796 0.0542291 2
2 0.389655 0.312718 0.0634174 0.0880431 3
7 0.322034 0.267978 0.0549761 0.0820177 4
2 0.23324 0.26655 0.0475144 0.0582536 5
2 0.429843 0.219147 0.0234198 0.0299419 6
2 0.206265 0.240926 0.0351155 0.0486841 7
2 0.575772 0.257662 0.0328545 0.0447406 8
7 0.47126 0.227338 0.0280433 0.0395095 9
2 0.233721 0.216951 0.0274189 0.0420286 10
2 0.323867 0.193997 0.0162347 0.0231236 13
2 0.196239 0.194388 0.0238408 0.0317578 17
