2 0.63645 0.695974 0.234752 0.286178 1
2 0.92168 0.66626 0.156639 0.271375 3
7 0.558216 0.40545 0.128794 0.172898 4
2 0.337634 0.364077 0.0832322 0.103419 5
2 0.382009 0.204045 0.0192704 0.0265437 6
2 0.270946 0.298019 0.0620962 0.0803337 7
2 0.486749 0.231379 0.0265498 0.034572 8
2 0.412343 0.208625 0.0233622 0.0327198 9
2 0.293056 0.253188 0.0426991 0.0644781 10
2 0.231349 0.209564 0.0302112 0.0424127 17
2 0.256375 0.230996 0.0343511 0.0429527 34
2 0.190129 0.21698 0.0311224 0.0409552 38
0 0.463727 0.202097 0.00785885 0.0317621 42
2 0.169144 0.19786 0.0238388 0.0375099 72
2 0.20982 0.202608 0.021719 0.0301371 74
7 0.338147 0.179443 0.0320007 0.0485231 2
