2 0.341959 0.186091 0.0158738 0.0231118 8
2 0.462101 0.461889 0.132646 0.196981 72
2 0.835015 0.594985 0.207077 0.216236 74
2 0.626088 0.446261 0.140193 0.185824 91
2 0.260156 0.277896 0.0564106 0.0725305 118
2 0.413928 0.326291 0.0735045 0.0901061 184
2 0.58913 0.252022 0.0356984 0.0454799 190
7 0.159966 0.159549 0.0336401 0.0772973 123
2 0.341306 0.279148 0.0547845 0.0678037 205
7 0.42665 0.208407 0.0264773 0.0388701 97
2 0.18839 0.208901 0.0294012 0.0392687 216
2 0.21358 0.192122 0.0237136 0.0364713 235
2 0.505536 0.230652 0.0251661 0.0332443 242
2 0.46822 0.223802 0.0288767 0.0358259 134
2 0.189107 0.179607 0.0221339 0.0310398 260
2 0.0820879 0.156188 0.0193405 0.024637 276
2 0.989718 0.366374 0.0197032 0.0622865 289
