2 0.324024 0.369665 0.0846044 0.115493 1
7 0.362573 0.186501 0.0340655 0.053198 2
2 0.447454 0.346911 0.0780099 0.104141 3
7 0.355554 0.285227 0.067157 0.0940643 4
2 0.248575 0.281128 0.0515822 0.0650064 5
2 0.416384 0.214226 0.0227567 0.0291499 6
2 0.21886 0.250108 0.0413828 0.0535258 7
2 0.550544 0.250189 0.0313023 0.0414288 8
7 0.455573 0.221481 0.0250437 0.0374995 9
2 0.244511 0.222455 0.0291457 0.045819 10
2 0.316626 0.190775 0.0150671 0.0215512 13
2 0.203422 0.196499 0.0228744 0.0326141 17
