2 0.717736 0.747203 0.2559 0.297683 5
2 0.35274 0.195071 0.016114 0.0225586 6
2 0.421757 0.448376 0.124086 0.157836 7
2 0.436141 0.216377 0.0218632 0.0303077 8
2 0.376226 0.198698 0.0196349 0.0289523 9
2 0.40865 0.320411 0.0727382 0.102345 10
2 0.276534 0.238145 0.0414289 0.0599267 17
2 0.323633 0.275384 0.0529341 0.0634332 34
2 0.221913 0.246341 0.0419986 0.0548232 38
2 0.18918 0.218148 0.0320574 0.0444313 72
2 0.247745 0.223517 0.026823 0.0383326 74
7 0.317935 0.174373 0.0268781 0.0457333 2
2 0.228165 0.206421 0.0263652 0.0325376 91
7 0.795532 0.319322 0.0689205 0.0791345 97
2 0.132299 0.192919 0.0229932 0.0297981 118
2 0.934372 0.353051 0.0633159 0.068458 121
