2 0.356235 0.191181 0.0165009 0.0242868 8
2 0.892791 0.608169 0.214418 0.308014 17
2 0.588799 0.6021 0.195527 0.2361 38
2 0.337014 0.345078 0.0821361 0.118598 72
2 0.527149 0.392393 0.100202 0.119458 74
2 0.440542 0.331175 0.0843128 0.115721 91
2 0.219262 0.246484 0.0445293 0.057703 118
2 0.338503 0.275434 0.0553963 0.0575898 184
2 0.661758 0.273033 0.0429892 0.0526398 190
7 0.154469 0.156273 0.0285095 0.0694105 123
2 0.295627 0.249826 0.0445938 0.0532142 205
2 0.463441 0.219663 0.0286016 0.0426276 97
2 0.16577 0.19626 0.0255565 0.0350803 216
2 0.201446 0.185511 0.0231796 0.0335598 235
2 0.550988 0.243334 0.0276606 0.0358258 242
2 0.518708 0.238836 0.03374 0.0424782 134
2 0.181245 0.175651 0.0175525 0.0261836 260
