2 0.354808 0.191009 0.0167301 0.0236762 8
2 0.922803 0.649646 0.154393 0.327529 17
2 0.627511 0.640571 0.214959 0.258937 38
2 0.345998 0.352827 0.0858076 0.126068 72
2 0.546577 0.405318 0.106113 0.124396 74
2 0.453567 0.339782 0.0883132 0.119927 91
2 0.222583 0.249835 0.0458686 0.0587073 118
2 0.34528 0.27549 0.0569002 0.0522092 184
7 0.653122 0.271118 0.0421042 0.0507412 190
7 0.155009 0.156509 0.0289151 0.0695165 123
2 0.299555 0.253069 0.0451538 0.0551858 205
7 0.459356 0.21911 0.0281112 0.0430987 97
2 0.167495 0.198159 0.0262031 0.0347271 216
2 0.202735 0.186877 0.0230226 0.032703 235
2 0.546043 0.242139 0.0274464 0.035632 242
2 0.513077 0.238078 0.0327686 0.04075 134
2 0.181723 0.177022 0.0207508 0.0246077 260
