2 0.36873 0.196527 0.0171805 0.0230306 8
2 0.590071 0.42108 0.126396 0.180026 17
2 0.415086 0.430427 0.114737 0.147088 38
2 0.284967 0.29867 0.0641703 0.0955971 72
2 0.422058 0.32787 0.0725323 0.0877583 74
2 0.365315 0.288536 0.0634599 0.0873505 91
2 0.195097 0.232022 0.0391501 0.0502672 118
2 0.304272 0.259094 0.0399636 0.05882 184
7 0.735021 0.29598 0.0498891 0.0590359 190
7 0.150963 0.153623 0.0263082 0.0590724 123
2 0.269797 0.235575 0.0367035 0.0459413 205
2 0.498224 0.234505 0.0330279 0.0444402 97
2 0.151326 0.192013 0.0232642 0.0319582 216
2 0.194347 0.183478 0.020665 0.0299603 235
2 0.567484 0.25596 0.0373301 0.0465925 231
2 0.595382 0.25806 0.0250113 0.0392303 242
