2 0.619174 0.677585 0.225867 0.274754 1
7 0.338361 0.179388 0.0318403 0.0483939 2
2 0.910046 0.648156 0.179908 0.262793 3
7 0.549727 0.399834 0.126325 0.169998 4
2 0.334017 0.360862 0.0820388 0.101946 5
2 0.382677 0.203899 0.0195246 0.0270066 6
2 0.269154 0.296647 0.0609595 0.0788617 7
2 0.488305 0.231499 0.0265694 0.0351235 8
2 0.413312 0.20873 0.0228904 0.0321436 9
2 0.291915 0.251568 0.0412973 0.0647032 10
2 0.230337 0.20922 0.0292839 0.0420498 17
2 0.25587 0.23044 0.0342943 0.0417451 34
2 0.189879 0.216378 0.0304664 0.0400223 38
0 0.463504 0.202136 0.00785828 0.031676 42
2 0.168519 0.197649 0.0222981 0.0371863 72
