2 0.903541 0.904723 0.192918 0.179999 7
2 0.404659 0.206819 0.0197853 0.027753 8
7 0.35428 0.193364 0.0170656 0.0273751 9
2 0.668744 0.480766 0.148282 0.195446 10
2 0.343065 0.275867 0.059662 0.0852229 17
2 0.444427 0.34897 0.0788575 0.0962533 34
2 0.264768 0.285301 0.0568542 0.0728758 38
2 0.213895 0.241724 0.0403763 0.0586313 72
2 0.295517 0.25121 0.0382441 0.0518022 74
2 0.266391 0.227874 0.0346901 0.0444925 91
7 0.627862 0.271253 0.0470388 0.0604487 97
2 0.15127 0.203507 0.0285203 0.0369841 118
2 0.739261 0.297644 0.0335401 0.045395 121
7 0.767863 0.312704 0.0624614 0.0675084 134
0 0.463708 0.199814 0.00807788 0.0311402 139
7 0.143675 0.15249 0.0224101 0.0553059 123
2 0.243791 0.221624 0.0250247 0.0376038 184
