2 0.355234 0.191358 0.0162114 0.024118 8
2 0.910161 0.631201 0.179679 0.314812 17
2 0.611574 0.6252 0.207107 0.250647 38
2 0.34215 0.350285 0.0840113 0.122217 72
2 0.538713 0.400416 0.104354 0.121764 74
2 0.448095 0.336099 0.087405 0.118003 91
2 0.221122 0.248923 0.0452585 0.0569216 118
2 0.341674 0.275202 0.057155 0.0537527 184
7 0.656372 0.271988 0.0421856 0.0511472 190
7 0.154709 0.156081 0.0288962 0.0690233 123
2 0.297934 0.251855 0.0448754 0.0544737 205
7 0.461128 0.219542 0.0286284 0.0431922 97
2 0.166862 0.196995 0.025965 0.0343929 216
2 0.202339 0.186588 0.0227218 0.0329478 235
2 0.547649 0.242906 0.0282066 0.0360757 242
2 0.514825 0.238217 0.0327395 0.0413143 134
2 0.181824 0.176084 0.0191226 0.0227773 260
