2 0.338605 0.185705 0.0156081 0.0206889 8
2 0.510419 0.511397 0.154509 0.223796 72
2 0.922521 0.688584 0.154957 0.258418 74
2 0.698358 0.492224 0.163957 0.214569 91
2 0.272513 0.288737 0.0601719 0.0765238 118
2 0.437752 0.344101 0.079567 0.0966988 184
2 0.575693 0.250381 0.0343672 0.0440259 190
7 0.160754 0.162134 0.0328358 0.0787444 123
2 0.354599 0.288152 0.0583171 0.0726344 205
2 0.419285 0.20797 0.0258825 0.0377911 97
2 0.194438 0.213442 0.0311283 0.0407034 216
2 0.216777 0.197047 0.0243697 0.0387087 235
2 0.496729 0.229138 0.0244658 0.0313072 242
2 0.458683 0.223273 0.0280866 0.0365735 134
2 0.191652 0.179826 0.020317 0.0262036 260
2 0.0860213 0.159573 0.0194428 0.0254512 276
2 0.964102 0.356278 0.0712792 0.0753729 289
