2 0.650085 0.677605 0.220967 0.258078 5
2 0.354418 0.194701 0.0166826 0.0239867 6
2 0.40187 0.426074 0.115237 0.148204 7
2 0.439316 0.21523 0.0224344 0.0302709 8
2 0.37913 0.198176 0.0195156 0.0299286 9
2 0.395298 0.308844 0.0695053 0.0952235 10
2 0.271912 0.233039 0.0398441 0.0588385 17
2 0.317709 0.268909 0.0486199 0.0605423 34
2 0.218559 0.241614 0.0398322 0.0527002 38
2 0.18766 0.214492 0.0314691 0.0442998 72
2 0.243371 0.220307 0.0271633 0.0375197 74
7 0.318736 0.171787 0.0258235 0.0458092 2
2 0.225893 0.202584 0.0239951 0.0318534 91
7 0.818293 0.324705 0.0719786 0.0829549 97
2 0.131191 0.189441 0.0231138 0.0305503 118
2 0.959462 0.358638 0.0672456 0.0691931 121
