7 0.877899 0.606182 0.244201 0.307039 4
2 0.442176 0.469074 0.124856 0.152733 5
2 0.366572 0.198514 0.0179566 0.0243187 6
2 0.323527 0.349988 0.082877 0.107551 7
3 0.459719 0.222236 0.0240914 0.0340219 8
2 0.393032 0.203992 0.020937 0.03026 9
2 0.3375 0.278545 0.0547274 0.0788622 10
7 0.250534 0.220496 0.0341238 0.0522073 17
2 0.284214 0.249412 0.0393227 0.0498992 34
2 0.203101 0.228889 0.0357977 0.0449132 38
2 0.177206 0.20725 0.0260084 0.0391874 72
2 0.226526 0.211163 0.0231716 0.0323159 74
7 0.327319 0.176114 0.0286363 0.046597 2
2 0.20495 0.196488 0.0301556 0.0323566 91
2 0.96588 0.368004 0.0667783 0.0958481 97
2 0.250354 0.220916 0.0343752 0.0516648 105
