2 0.337848 0.186151 0.0157531 0.0208658 8
2 0.531287 0.532092 0.163839 0.238039 72
2 0.949481 0.729814 0.101037 0.270894 74
2 0.730348 0.513395 0.176098 0.225727 91
2 0.277318 0.293284 0.0604599 0.0772081 118
2 0.447492 0.350818 0.0821773 0.0996934 184
2 0.570987 0.249714 0.0343044 0.0436979 190
7 0.161945 0.163203 0.0332648 0.0796497 123
2 0.359932 0.292626 0.0597397 0.0738634 205
2 0.416827 0.208029 0.0258644 0.0373168 97
2 0.197195 0.215255 0.0322948 0.0408416 216
2 0.217854 0.198673 0.0243947 0.0370383 235
2 0.493789 0.228929 0.0249207 0.0311916 242
2 0.455469 0.222635 0.028111 0.0355615 134
2 0.192511 0.18196 0.0200787 0.0286892 260
2 0.94946 0.352883 0.0738008 0.0742861 289
