2 0.610753 0.63655 0.201127 0.235777 5
2 0.355921 0.193993 0.0164672 0.0240555 6
2 0.388667 0.411986 0.109892 0.140792 7
2 0.441714 0.215975 0.0218212 0.0302582 8
2 0.380657 0.197997 0.0196055 0.0305354 9
2 0.386311 0.302025 0.0668276 0.0919034 10
2 0.268869 0.229901 0.0383766 0.0578917 17
2 0.312376 0.265292 0.0484398 0.0600407 34
2 0.215974 0.238474 0.0391088 0.0520694 38
2 0.185987 0.212964 0.0301531 0.0432745 72
2 0.241348 0.216788 0.026432 0.0371161 74
7 0.319889 0.171717 0.0257685 0.046592 2
2 0.224183 0.19961 0.0234925 0.0318871 91
7 0.83542 0.330032 0.0759835 0.0813429 97
2 0.130973 0.188208 0.0235213 0.0289117 118
2 0.971511 0.36159 0.0554522 0.0673834 121
7 0.139038 0.148746 0.01978 0.0480376 123
