2 0.542596 0.566386 0.180844 0.222381 7
2 0.42299 0.210465 0.0218466 0.0293402 8
2 0.367281 0.194425 0.0185168 0.0281326 9
2 0.480428 0.36388 0.0923699 0.127432 10
2 0.298718 0.248005 0.0472542 0.0693392 17
2 0.362989 0.295515 0.0592328 0.0737574 34
2 0.235585 0.257478 0.0465268 0.0604778 38
2 0.196883 0.22338 0.0342572 0.0496245 72
2 0.265073 0.231277 0.0297582 0.0436077 74
7 0.31136 0.170206 0.0241659 0.0438565 2
2 0.242616 0.211182 0.0280894 0.037143 91
7 0.715498 0.295536 0.0585502 0.0678426 97
2 0.138447 0.194103 0.0256297 0.0329175 118
2 0.843858 0.326731 0.0530151 0.0616638 121
7 0.92272 0.356236 0.0829037 0.0825836 134
0 0.463269 0.199313 0.00729326 0.0315086 139
2 0.344473 0.191445 0.0163081 0.0238607 6
