2 0.281511 0.323187 0.0703167 0.0909141 1
7 0.373641 0.19037 0.0347353 0.0541901 2
2 0.373777 0.303658 0.0602595 0.0831405 3
7 0.313709 0.26298 0.0552924 0.0792007 4
2 0.227397 0.26274 0.0461459 0.0560191 5
2 0.434503 0.220515 0.0233944 0.0302454 6
2 0.203132 0.236484 0.0336148 0.0477551 7
2 0.58435 0.260699 0.0344006 0.0449815 8
7 0.476651 0.229126 0.0270216 0.0395414 9
2 0.230538 0.215202 0.0261568 0.0407215 10
2 0.325979 0.195199 0.0156265 0.021501 13
2 0.194177 0.194709 0.0199347 0.0313407 17
