2 0.378242 0.428673 0.10849 0.143859 1
7 0.354312 0.183405 0.0322507 0.0519593 2
2 0.53934 0.403103 0.100721 0.134545 3
7 0.40172 0.311421 0.0803234 0.111896 4
2 0.270673 0.300431 0.0598 0.0756669 5
2 0.403468 0.210186 0.0210886 0.0288322 6
2 0.232556 0.261506 0.046846 0.060989 7
2 0.526197 0.242832 0.0291447 0.0382553 8
2 0.439649 0.217433 0.0249925 0.0347676 9
2 0.259364 0.23066 0.0307851 0.0501123 10
2 0.210845 0.200786 0.0238913 0.0366855 17
2 0.231949 0.214991 0.0262752 0.0354011 34
2 0.176619 0.206264 0.026837 0.0348943 38
0 0.463425 0.202556 0.00768248 0.0311189 42
