2 0.655048 0.713934 0.244655 0.296797 1
2 0.93476 0.686527 0.130481 0.281064 3
7 0.566797 0.410883 0.131147 0.176276 4
2 0.340502 0.366837 0.0837965 0.104372 5
2 0.381059 0.204133 0.0198482 0.0264785 6
2 0.272428 0.299927 0.0624209 0.0804788 7
2 0.485832 0.231083 0.0260318 0.0338974 8
2 0.411786 0.208524 0.0229132 0.03243 9
2 0.295431 0.254104 0.0424609 0.0655189 10
2 0.232438 0.210029 0.0306214 0.0430748 17
2 0.257462 0.232023 0.0349521 0.0442534 34
2 0.190624 0.21776 0.0310439 0.0404391 38
0 0.463703 0.201942 0.00784976 0.0311693 42
2 0.169418 0.198686 0.0239602 0.0367391 72
2 0.211117 0.203486 0.0204876 0.0303909 74
7 0.337816 0.179096 0.0313168 0.0489299 2
