2 0.603883 0.629584 0.197861 0.232654 5
2 0.356302 0.193789 0.016659 0.0248796 6
2 0.386198 0.409733 0.108632 0.139664 7
2 0.442509 0.216075 0.0218226 0.0298746 8
2 0.381001 0.198115 0.0197709 0.0305677 9
2 0.384748 0.301241 0.0665823 0.0908934 10
2 0.268032 0.22954 0.038443 0.0581626 17
2 0.311892 0.264724 0.0475197 0.0591082 34
2 0.215675 0.238224 0.03913 0.051224 38
2 0.185798 0.21275 0.0306393 0.0436194 72
2 0.240989 0.216346 0.0261138 0.0363244 74
7 0.320341 0.171634 0.0259112 0.0467057 2
2 0.223489 0.199882 0.0243563 0.031727 91
7 0.839139 0.331725 0.0753852 0.0806434 97
2 0.131023 0.187815 0.0236536 0.0292404 118
2 0.973595 0.36253 0.051207 0.0677565 121
7 0.138935 0.148943 0.0196098 0.0484164 123
