2 0.558804 0.617545 0.195046 0.240583 1
7 0.341119 0.180549 0.0317479 0.0499393 2
2 0.836235 0.588301 0.193581 0.234364 3
7 0.518914 0.381281 0.116463 0.15841 4
2 0.322025 0.349613 0.0769238 0.0959211 5
2 0.385516 0.204919 0.0198707 0.0268462 6
2 0.26253 0.288777 0.0582732 0.0768078 7
2 0.493618 0.233611 0.0267228 0.0346731 8
2 0.417187 0.209969 0.0236286 0.0320092 9
2 0.286414 0.247983 0.0394259 0.0614248 10
2 0.226884 0.207927 0.02777 0.0397022 17
2 0.25125 0.228384 0.0332881 0.0412829 34
2 0.187464 0.214451 0.0297933 0.0386798 38
0 0.463708 0.202647 0.00695709 0.0303194 42
2 0.16755 0.196357 0.0234623 0.0378996 72
