2 0.827512 0.842494 0.344257 0.307857 1
7 0.638642 0.453183 0.15727 0.203669 4
2 0.365782 0.393405 0.0929655 0.116866 5
2 0.376178 0.201706 0.018858 0.0245446 6
2 0.287224 0.313073 0.0685062 0.0893634 7
2 0.476969 0.227423 0.0249974 0.0336399 8
2 0.405804 0.206938 0.0219618 0.0314875 9
2 0.305891 0.260447 0.0477046 0.0678476 10
2 0.238234 0.213174 0.031953 0.0463449 17
2 0.26521 0.235993 0.0355909 0.0461654 34
2 0.194733 0.220042 0.0324527 0.0414678 38
0 0.464097 0.19959 0.00781959 0.0313999 42
2 0.172004 0.200616 0.0236389 0.0382412 72
2 0.215685 0.20533 0.0215143 0.0294391 74
7 0.335126 0.178229 0.0296373 0.0498509 2
7 0.40567 0.206639 0.0217189 0.0309701 76
