2 0.554372 0.57711 0.187019 0.229767 7
2 0.42198 0.209963 0.0218665 0.0286277 8
2 0.366395 0.193952 0.0187125 0.0278073 9
2 0.486557 0.366392 0.0937371 0.129218 10
2 0.300332 0.248803 0.047007 0.0700374 17
2 0.365907 0.296789 0.0593049 0.0749875 34
2 0.237224 0.258307 0.0462428 0.0601663 38
2 0.197753 0.223555 0.0349559 0.0494069 72
2 0.265809 0.231267 0.0313929 0.0444366 74
7 0.311281 0.169762 0.0239042 0.0428455 2
2 0.243769 0.211131 0.0283217 0.0373142 91
7 0.710549 0.294268 0.0577299 0.0666814 97
2 0.138968 0.194224 0.0255452 0.0327609 118
2 0.838823 0.325122 0.0529882 0.0596906 121
7 0.914139 0.353022 0.0822353 0.0810318 134
2 0.34379 0.191706 0.016305 0.0239711 6
7 0.141084 0.149806 0.0216003 0.0516226 123
