2 0.386725 0.200648 0.0188384 0.0269549 8
2 0.420323 0.319171 0.0783188 0.11424 17
2 0.616866 0.45734 0.126453 0.147591 34
2 0.31432 0.328663 0.074334 0.0981709 38
2 0.240142 0.262784 0.0485708 0.0706245 72
2 0.339904 0.281534 0.0505447 0.0694142 74
2 0.303809 0.251974 0.0471606 0.0650485 91
7 0.556396 0.250083 0.0400311 0.0510266 97
2 0.16917 0.213907 0.0329476 0.0420638 118
2 0.656281 0.279299 0.0483454 0.0565575 134
2 0.268842 0.23539 0.0339021 0.0454867 184
2 0.0891702 0.163508 0.0160342 0.0194481 186
7 0.870619 0.332015 0.0661114 0.0720183 190
7 0.147093 0.150064 0.0250284 0.0518286 123
2 0.244961 0.215577 0.0275391 0.0338031 205
2 0.556752 0.250286 0.0402238 0.0510759 207
