2 0.365892 0.194554 0.0171739 0.0236687 8
2 0.640415 0.449918 0.142357 0.199711 17
2 0.443861 0.457882 0.127049 0.16257 38
2 0.295629 0.307114 0.0665168 0.0994605 72
2 0.442097 0.339455 0.0772638 0.0931383 74
2 0.381027 0.295424 0.0684932 0.0923621 91
2 0.20022 0.234919 0.04079 0.0517023 118
2 0.309734 0.263035 0.0469041 0.0608207 184
7 0.715716 0.289317 0.0483302 0.0569282 190
7 0.152192 0.155483 0.0277033 0.0654998 123
2 0.27539 0.238502 0.0390293 0.0472744 205
7 0.489067 0.231294 0.0327704 0.0420748 97
2 0.154249 0.192004 0.0232642 0.0298743 216
2 0.195916 0.184088 0.0214973 0.0305818 235
2 0.554993 0.251279 0.0368242 0.0461712 231
2 0.584113 0.254035 0.0262834 0.0385058 242
7 0.555052 0.251219 0.0359303 0.0466567 134
