2 0.39713 0.200368 0.0197578 0.0267489 8
2 0.348461 0.186028 0.0180794 0.0249775 9
2 0.829272 0.576995 0.20438 0.254974 10
2 0.370474 0.285837 0.0649681 0.0951764 17
2 0.49978 0.379553 0.0934591 0.113984 34
2 0.282129 0.296022 0.0619971 0.0822816 38
2 0.223601 0.244069 0.043048 0.0637183 72
2 0.310658 0.257032 0.0443597 0.0564263 74
2 0.280462 0.232447 0.0396582 0.0514693 91
7 0.596058 0.258442 0.0436916 0.0543781 97
2 0.157738 0.202664 0.0298642 0.0396295 118
7 0.715546 0.293238 0.0577783 0.062813 134
2 0.252762 0.222572 0.0298776 0.0408801 184
2 0.0795051 0.159086 0.0163533 0.0187484 186
7 0.964978 0.355278 0.0688808 0.078905 190
7 0.146274 0.148678 0.0261295 0.0552005 123
