2 0.739145 0.763857 0.289779 0.340943 7
2 0.41209 0.20798 0.0209856 0.0281552 8
7 0.359657 0.193111 0.0188721 0.0271144 9
2 0.570209 0.418476 0.117624 0.158656 10
2 0.321897 0.262538 0.0521293 0.0775197 17
2 0.404625 0.322045 0.0686399 0.0864902 34
2 0.250826 0.271777 0.0508927 0.0666829 38
2 0.205878 0.23241 0.0380612 0.0557832 72
2 0.280988 0.242219 0.037237 0.0486154 74
2 0.255168 0.219982 0.0314806 0.0420077 91
7 0.661761 0.280317 0.0514431 0.0620403 97
2 0.145044 0.198298 0.0271431 0.0354317 118
2 0.782077 0.308583 0.0441716 0.0512356 121
7 0.826633 0.328532 0.0687262 0.0729877 134
7 0.308918 0.17022 0.0195043 0.0429476 2
0 0.463271 0.197676 0.00781205 0.0296122 139
7 0.142429 0.15112 0.0223956 0.0539559 123
