7 0.882568 0.612647 0.234863 0.310656 4
2 0.445256 0.472172 0.126387 0.154133 5
2 0.366388 0.198817 0.0176982 0.0242761 6
2 0.325121 0.351645 0.0832844 0.108756 7
2 0.459333 0.221976 0.0241645 0.0338077 8
2 0.39262 0.203895 0.0205194 0.0300032 9
2 0.338564 0.279579 0.0550541 0.0789965 10
7 0.250879 0.220738 0.0337808 0.0526683 17
2 0.285107 0.249769 0.040215 0.0509389 34
2 0.20376 0.229308 0.03544 0.0444228 38
2 0.17803 0.207505 0.0269037 0.0396607 72
2 0.226842 0.21159 0.0231363 0.0328053 74
7 0.327271 0.176084 0.0282901 0.046976 2
2 0.204898 0.196518 0.0314067 0.0328678 91
7 0.963542 0.367399 0.072455 0.0937746 97
2 0.250748 0.220928 0.0343752 0.0525266 105
