7 0.829817 0.571279 0.237273 0.282972 4
2 0.425593 0.452801 0.117391 0.145767 5
2 0.367956 0.198933 0.0183029 0.0252425 6
2 0.316028 0.342563 0.0796027 0.103925 7
3 0.462407 0.22331 0.0244611 0.0333443 8
2 0.395036 0.204067 0.0205547 0.0293762 9
2 0.331464 0.274511 0.0538626 0.0753649 10
2 0.248095 0.21956 0.0346385 0.0504057 17
2 0.280425 0.246939 0.0393049 0.0486892 34
2 0.201524 0.228171 0.0338871 0.0442149 38
2 0.176677 0.205546 0.0271235 0.0417278 72
2 0.224406 0.210224 0.02349 0.0335559 74
7 0.328957 0.176434 0.028269 0.0474124 2
2 0.203608 0.19546 0.0296901 0.0294326 91
2 0.978473 0.37382 0.0422255 0.0894283 97
