2 0.336157 0.186358 0.0156421 0.0212518 8
2 0.566649 0.566413 0.180772 0.25944 72
2 0.783592 0.546811 0.195546 0.24916 91
2 0.285203 0.299372 0.0654306 0.0830966 118
2 0.462846 0.360361 0.0871233 0.104975 184
2 0.563817 0.247753 0.0329989 0.0421743 190
7 0.162282 0.163686 0.0334995 0.0804988 123
2 0.368291 0.297538 0.0617775 0.0775958 205
7 0.413155 0.206908 0.0246541 0.0372163 97
2 0.199985 0.216931 0.0319647 0.0412899 216
2 0.219794 0.19964 0.0244543 0.038839 235
2 0.488836 0.228054 0.0241214 0.0300203 242
2 0.450167 0.220368 0.0264918 0.0347657 134
2 0.193656 0.182163 0.0195906 0.0276058 260
2 0.922988 0.345234 0.0696636 0.0724281 289
2 0.0893132 0.159048 0.0191921 0.0241524 276
