2 0.537619 0.561825 0.177992 0.220238 7
2 0.423482 0.211075 0.0218105 0.0296593 8
2 0.367921 0.194894 0.0181376 0.0287426 9
2 0.477942 0.362452 0.0919576 0.126207 10
2 0.297937 0.248192 0.0476736 0.0688196 17
2 0.361675 0.295249 0.0586737 0.0735614 34
2 0.235353 0.257784 0.0456837 0.0603219 38
2 0.196645 0.223449 0.0343657 0.0494086 72
2 0.264301 0.231379 0.029812 0.0431992 74
7 0.311803 0.170471 0.0241926 0.044034 2
2 0.242327 0.211561 0.0280189 0.0375417 91
7 0.718049 0.296894 0.0588228 0.0674342 97
2 0.138382 0.194431 0.0260371 0.0325859 118
2 0.847126 0.327885 0.0531208 0.0615277 121
7 0.927766 0.35775 0.0838206 0.0835022 134
0 0.463444 0.199373 0.00782404 0.0313427 139
2 0.344807 0.191843 0.016126 0.0236405 6
