2 0.638926 0.661162 0.230782 0.276314 7
2 0.415745 0.206901 0.0217289 0.028278 8
2 0.362806 0.191289 0.018498 0.0270725 9
2 0.528026 0.390591 0.105932 0.144562 10
2 0.311502 0.254264 0.0499981 0.0736879 17
2 0.386087 0.307504 0.0647092 0.0810805 34
2 0.244425 0.263982 0.0486502 0.064267 38
2 0.202023 0.226585 0.0368513 0.0532704 72
2 0.273263 0.234755 0.0361454 0.0447189 74
2 0.249751 0.214579 0.0297022 0.0374758 91
7 0.682787 0.285171 0.0531005 0.0623514 97
2 0.142027 0.194072 0.0263405 0.0345369 118
2 0.807672 0.313687 0.0509027 0.055845 121
7 0.864014 0.337843 0.0746074 0.0762808 134
7 0.141873 0.148305 0.0220503 0.0528241 123
7 0.310297 0.167702 0.0218598 0.0430334 2
