2 0.645656 0.704578 0.239793 0.291338 1
2 0.92789 0.676197 0.14422 0.275851 3
7 0.5623 0.408182 0.129789 0.174638 4
2 0.339098 0.365141 0.0836551 0.104125 5
2 0.381398 0.204124 0.0196915 0.0266625 6
2 0.271852 0.298946 0.0619703 0.081109 7
2 0.486248 0.231259 0.0265481 0.034414 8
2 0.412296 0.208648 0.0234104 0.0326765 9
2 0.29414 0.253469 0.0427207 0.0644096 10
2 0.23196 0.209759 0.0306966 0.0428973 17
2 0.256986 0.231518 0.0344186 0.0430717 34
2 0.190306 0.21757 0.0312551 0.0405884 38
0 0.463706 0.202333 0.00785433 0.0316659 42
2 0.168973 0.198649 0.0233726 0.036618 72
2 0.210091 0.203193 0.0213132 0.0299259 74
7 0.337895 0.179371 0.0314968 0.0488234 2
