2 0.565563 0.624477 0.198151 0.245378 1
7 0.340918 0.180968 0.0312034 0.0499466 2
2 0.847654 0.595257 0.198768 0.238838 3
7 0.522416 0.383156 0.117292 0.159823 4
2 0.323369 0.350495 0.0770569 0.0969433 5
2 0.385387 0.204803 0.0191333 0.0270065 6
2 0.263641 0.289723 0.0593357 0.0762995 7
2 0.492677 0.232877 0.0265998 0.0351268 8
2 0.41674 0.209735 0.0240207 0.0319405 9
2 0.28696 0.248513 0.0400159 0.0626826 10
2 0.226902 0.208129 0.0275121 0.0396352 17
2 0.251984 0.228296 0.0327851 0.0411247 34
2 0.187815 0.214822 0.0297589 0.039091 38
0 0.463666 0.202237 0.00703014 0.0299667 42
2 0.167777 0.196403 0.0232247 0.0372327 72
