2 0.292897 0.336735 0.0715459 0.097595 1
7 0.36975 0.188533 0.0363619 0.0542552 2
2 0.395195 0.315868 0.0648805 0.0900031 3
7 0.326522 0.269824 0.0581389 0.0832036 4
2 0.234713 0.268691 0.0481243 0.0590811 5
2 0.428157 0.21809 0.0233555 0.0291985 6
2 0.207377 0.241394 0.035918 0.0506628 7
2 0.572683 0.256541 0.0328957 0.0446318 8
7 0.469585 0.227215 0.0279902 0.0384317 9
2 0.235084 0.217329 0.0286814 0.0424481 10
2 0.323065 0.194311 0.016429 0.0235341 13
2 0.197373 0.194554 0.022585 0.032676 17
