2 0.31212 0.356069 0.0810155 0.107551 1
7 0.365265 0.187552 0.0346123 0.054062 2
2 0.425595 0.334228 0.072762 0.0992654 3
7 0.34325 0.27913 0.0616817 0.0887246 4
2 0.243081 0.275978 0.0503865 0.0626188 5
2 0.420807 0.21554 0.0221096 0.0290768 6
2 0.213645 0.247023 0.0383611 0.0522886 7
2 0.558024 0.252787 0.0324396 0.0423899 8
7 0.460175 0.223123 0.0264163 0.0370095 9
2 0.240629 0.219767 0.0295662 0.0449975 10
2 0.318924 0.191239 0.0147929 0.0222483 13
2 0.200514 0.194588 0.0210278 0.0323618 17
