2 0.297447 0.341327 0.0737303 0.0998713 1
7 0.368378 0.188478 0.0355707 0.0542354 2
2 0.402687 0.320514 0.0671974 0.092232 3
7 0.331259 0.272346 0.0600584 0.0857531 4
2 0.236438 0.269895 0.0477519 0.0601309 5
2 0.425799 0.217442 0.0234339 0.0309882 6
2 0.209383 0.242848 0.0356692 0.0509863 7
2 0.568498 0.255401 0.0327688 0.0429065 8
7 0.466314 0.226283 0.0273814 0.0380491 9
2 0.236615 0.217512 0.0283769 0.0432545 10
2 0.321995 0.193366 0.0169539 0.0217927 13
2 0.197844 0.195669 0.0259479 0.0345881 17
