2 0.546366 0.604621 0.189148 0.234215 1
7 0.342193 0.180708 0.0302935 0.0499003 2
2 0.815127 0.575138 0.186961 0.224746 3
7 0.511846 0.377661 0.114295 0.15539 4
2 0.319281 0.346465 0.0761476 0.0946022 5
2 0.385938 0.205222 0.0195248 0.0268805 6
2 0.260919 0.287471 0.0578029 0.0739952 7
2 0.494524 0.234029 0.0265301 0.0347884 8
2 0.418244 0.209808 0.0234271 0.032691 9
2 0.284767 0.247032 0.0392776 0.0603655 10
2 0.22575 0.207315 0.02704 0.0403064 17
2 0.25054 0.227833 0.0320717 0.0407713 34
2 0.186507 0.213303 0.029312 0.0380609 38
0 0.463749 0.202378 0.00624987 0.030309 42
2 0.166916 0.197248 0.0225778 0.03611 72
