2 0.384298 0.200051 0.0180143 0.0257167 8
2 0.433861 0.327214 0.081465 0.118834 17
2 0.652443 0.479265 0.136751 0.158522 34
2 0.322553 0.337828 0.0772136 0.100758 38
2 0.244199 0.266386 0.049829 0.0721107 72
2 0.346864 0.284251 0.0545712 0.0683529 74
2 0.309356 0.255536 0.0484334 0.0672194 91
2 0.171789 0.215856 0.0333321 0.0428358 118
7 0.645482 0.275698 0.0499755 0.0555859 134
2 0.272008 0.238038 0.0352569 0.048356 184
2 0.0912435 0.1625 0.0167263 0.0198664 186
7 0.851351 0.325723 0.0639538 0.0704802 190
7 0.147881 0.151079 0.0261233 0.055001 123
2 0.247784 0.217743 0.027077 0.032565 205
7 0.548886 0.247706 0.0390147 0.0511619 97
