2 0.347128 0.186926 0.0161801 0.0213404 8
2 0.881501 0.876389 0.236998 0.237081 38
2 0.401073 0.404446 0.107595 0.157374 72
2 0.673735 0.488928 0.146544 0.163824 74
2 0.534817 0.389452 0.111692 0.152911 91
2 0.242289 0.265197 0.0512824 0.0653512 118
2 0.380927 0.302134 0.0655331 0.0768534 184
7 0.614812 0.259695 0.0374687 0.047218 190
7 0.157967 0.157736 0.0323408 0.0748553 123
2 0.321045 0.266301 0.0498073 0.0622893 205
7 0.439801 0.212266 0.0271204 0.0414334 97
2 0.178639 0.203604 0.0282841 0.0354948 216
2 0.207718 0.19012 0.0251493 0.0349169 235
2 0.522017 0.234503 0.0264767 0.0347032 242
2 0.485948 0.229898 0.0296088 0.0380193 134
2 0.185715 0.176985 0.0205452 0.0237193 260
2 0.0736461 0.155976 0.0190739 0.0231417 276
