2 0.373733 0.423784 0.105537 0.141794 1
7 0.354504 0.183645 0.03206 0.0512574 2
2 0.53169 0.397855 0.0984159 0.131758 3
7 0.397827 0.30942 0.0789055 0.109939 4
2 0.269026 0.299347 0.0597379 0.073916 5
2 0.403991 0.210503 0.0211671 0.029395 6
2 0.231631 0.261093 0.0475105 0.0599937 7
2 0.527865 0.243627 0.029655 0.0383593 8
2 0.440129 0.217837 0.0249895 0.035841 9
2 0.257779 0.230133 0.0311697 0.0497786 10
2 0.210314 0.200846 0.0244857 0.0366642 17
2 0.23133 0.214132 0.025846 0.0361894 34
2 0.176375 0.205671 0.0263078 0.034428 38
