2 0.476726 0.533781 0.154662 0.198131 1
7 0.34583 0.18113 0.0309953 0.0508451 2
2 0.701636 0.50402 0.147663 0.18571 3
7 0.471204 0.353355 0.101181 0.138693 4
2 0.302576 0.330002 0.0716976 0.0882621 5
2 0.390851 0.206065 0.0198663 0.0254187 6
2 0.252007 0.278726 0.0559738 0.067742 7
2 0.503339 0.236031 0.0275239 0.0368572 8
2 0.424183 0.211824 0.0232431 0.0329463 9
2 0.276054 0.241432 0.0360998 0.0560059 10
2 0.221847 0.204354 0.0276771 0.0382929 17
2 0.244347 0.22307 0.0318588 0.0402169 34
2 0.184103 0.211184 0.029265 0.0367175 38
