2 0.400788 0.203679 0.0196068 0.0272917 8
7 0.35136 0.189129 0.0178182 0.0276702 9
2 0.734427 0.520004 0.16953 0.219296 10
2 0.354884 0.279745 0.0617664 0.0894404 17
2 0.468501 0.360804 0.0855863 0.105799 34
2 0.272243 0.289601 0.0591783 0.0766592 38
2 0.218421 0.242092 0.0412123 0.0590773 72
2 0.302937 0.253075 0.0394323 0.0531008 74
2 0.2728 0.229447 0.0369814 0.0469084 91
7 0.611719 0.26494 0.0453424 0.0568804 97
2 0.153667 0.202596 0.0285693 0.037533 118
7 0.739397 0.302278 0.0659841 0.0659025 134
2 0.248503 0.221695 0.0266307 0.0380076 184
2 0.0748799 0.15963 0.0173872 0.0194179 186
2 0.985753 0.362333 0.0266984 0.0729871 190
7 0.144448 0.148293 0.0222016 0.0500737 123
