2 0.857954 0.872346 0.284091 0.242356 1
7 0.669799 0.472465 0.168498 0.21748 4
2 0.376351 0.403263 0.0973361 0.121514 5
2 0.374284 0.200915 0.0187187 0.0250785 6
2 0.292113 0.3185 0.0696787 0.0919345 7
2 0.47423 0.225676 0.0249285 0.0354639 8
7 0.403054 0.206379 0.0228848 0.031645 9
2 0.311352 0.262149 0.0482266 0.0685455 10
2 0.240335 0.213935 0.0320724 0.0471164 17
2 0.268492 0.237811 0.0361189 0.0469955 34
2 0.195784 0.221584 0.0332496 0.0422311 38
2 0.172484 0.201631 0.0243176 0.0376874 72
2 0.217589 0.204957 0.0192119 0.0275483 74
7 0.334039 0.177622 0.0294914 0.048911 2
