2 0.430016 0.484823 0.132995 0.172416 1
7 0.348535 0.182386 0.0334661 0.0506681 2
2 0.624799 0.455994 0.124196 0.161604 3
7 0.439819 0.334397 0.0914075 0.126372 4
2 0.288601 0.316263 0.0663862 0.0838974 5
2 0.396184 0.208131 0.020585 0.0276764 6
2 0.242575 0.272008 0.0507642 0.0639177 7
2 0.51273 0.239253 0.028081 0.0363232 8
2 0.430383 0.213406 0.0241378 0.0331154 9
2 0.268821 0.236655 0.0348652 0.0550917 10
2 0.21688 0.202231 0.025793 0.0384183 17
2 0.239155 0.220396 0.030714 0.0370034 34
2 0.180896 0.210138 0.0276424 0.0336273 38
0 0.463747 0.201985 0.00674909 0.0308031 42
