7 0.873086 0.5991 0.253828 0.30314 4
2 0.438601 0.465722 0.123412 0.151319 5
2 0.366814 0.198594 0.0179592 0.0244435 6
2 0.321641 0.348608 0.0824245 0.105818 7
2 0.46018 0.222303 0.023905 0.0345696 8
2 0.393547 0.204217 0.0206819 0.0297348 9
2 0.336344 0.277524 0.0545154 0.077873 10
7 0.249982 0.219805 0.0343409 0.0521688 17
2 0.283219 0.249293 0.0396733 0.0489411 34
2 0.202757 0.228928 0.0360322 0.0443924 38
2 0.176776 0.207422 0.0256757 0.0391597 72
2 0.226064 0.211183 0.0225826 0.032819 74
7 0.32754 0.176462 0.0288672 0.0468284 2
2 0.204423 0.196949 0.0309926 0.0327878 91
2 0.968258 0.369258 0.0620359 0.0964667 97
