2 0.328493 0.375148 0.0864924 0.116165 1
7 0.361623 0.186427 0.0336289 0.052053 2
2 0.454911 0.351972 0.0795976 0.107846 3
7 0.359688 0.287493 0.0681153 0.0954057 4
2 0.250508 0.283216 0.052331 0.0663197 5
2 0.414784 0.214079 0.0233167 0.0292521 6
2 0.219497 0.25047 0.0405146 0.0557716 7
2 0.548132 0.249713 0.0312117 0.0405395 8
7 0.453837 0.22135 0.0263158 0.0368813 9
2 0.246086 0.223616 0.0298828 0.0466836 10
2 0.316018 0.190931 0.0143994 0.0219665 13
2 0.203623 0.196789 0.0222123 0.0329972 17
