7 0.92732 0.681355 0.145359 0.351452 4
2 0.475646 0.50232 0.140353 0.169034 5
2 0.36322 0.197854 0.0179761 0.0248384 6
2 0.33736 0.363304 0.0886931 0.115294 7
2 0.454637 0.221092 0.0234063 0.0328335 8
2 0.389009 0.202272 0.0210552 0.0312395 9
2 0.348355 0.284568 0.0569226 0.0822681 10
2 0.255026 0.223388 0.0349471 0.0530675 17
2 0.290967 0.253383 0.0412849 0.0527707 34
2 0.206342 0.231806 0.0366705 0.0465917 38
2 0.180309 0.208799 0.0291894 0.0409256 72
2 0.22957 0.212769 0.0236041 0.0326692 74
7 0.325258 0.17501 0.028042 0.0465639 2
2 0.214786 0.197587 0.0201425 0.0285987 91
7 0.938604 0.359506 0.0935333 0.0960722 97
