2 0.495635 0.551378 0.163534 0.212207 1
7 0.344244 0.180847 0.0319396 0.0527357 2
2 0.73282 0.523409 0.157365 0.197 3
7 0.48256 0.359561 0.104539 0.143061 4
2 0.307299 0.335274 0.072623 0.0902147 5
2 0.389185 0.206275 0.0202335 0.0252381 6
2 0.254207 0.28145 0.055615 0.069705 7
2 0.500792 0.235284 0.0272261 0.0355063 8
2 0.422479 0.211868 0.0234056 0.0333276 9
2 0.278703 0.243204 0.0367242 0.0583224 10
2 0.222927 0.205087 0.027095 0.0386228 17
2 0.245813 0.224323 0.0319277 0.0414519 34
2 0.184847 0.211865 0.029247 0.0359119 38
0 0.463313 0.203056 0.00624936 0.0313724 42
