2 0.481479 0.537991 0.1563 0.199605 1
7 0.345429 0.181163 0.0316165 0.0512092 2
2 0.70904 0.508349 0.149318 0.18798 3
7 0.474066 0.355074 0.101711 0.140531 4
2 0.303598 0.331223 0.0714559 0.0887171 5
2 0.3903 0.206366 0.0196503 0.0250747 6
2 0.252491 0.279891 0.055788 0.0673318 7
2 0.502945 0.235535 0.0279082 0.036353 8
2 0.423786 0.211745 0.0233391 0.0331864 9
2 0.276603 0.241593 0.0370723 0.0566659 10
2 0.222249 0.204954 0.0274631 0.0382244 17
2 0.244646 0.223734 0.0315335 0.0407853 34
2 0.184656 0.211173 0.0290683 0.0363603 38
