2 0.815009 0.83728 0.341185 0.320564 1
7 0.632922 0.449737 0.154555 0.200973 4
2 0.363559 0.390915 0.0923803 0.11639 5
2 0.376489 0.201737 0.0190864 0.0251029 6
2 0.286014 0.312136 0.068341 0.0878149 7
2 0.477563 0.227597 0.0250662 0.0336662 8
2 0.406066 0.206977 0.0221657 0.0319912 9
2 0.30512 0.260261 0.0474624 0.0685084 10
2 0.238032 0.213134 0.0331056 0.0463592 17
2 0.264563 0.235736 0.0355708 0.0464793 34
2 0.194221 0.219618 0.0320598 0.0422147 38
0 0.464079 0.199532 0.00782013 0.0316817 42
2 0.171983 0.200225 0.0239887 0.0381463 72
2 0.215413 0.204913 0.0208211 0.0298089 74
7 0.335235 0.178427 0.0296349 0.0495049 2
