2 0.353206 0.191339 0.0164028 0.0229132 8
7 0.966786 0.684538 0.0664287 0.309971 17
2 0.682429 0.697847 0.24461 0.291943 38
2 0.356556 0.364238 0.0909409 0.133139 72
2 0.571403 0.422439 0.113478 0.133885 74
2 0.470119 0.351223 0.0929157 0.127908 91
2 0.226779 0.254017 0.0470122 0.0596165 118
2 0.352512 0.282192 0.0586647 0.0575025 184
7 0.643598 0.269558 0.040815 0.0500955 190
7 0.155658 0.158403 0.0293407 0.0699215 123
2 0.304207 0.257115 0.045669 0.0567946 205
7 0.454448 0.218286 0.0290596 0.0423206 97
2 0.169817 0.199616 0.0277692 0.0377209 216
2 0.203365 0.188927 0.0227555 0.0335365 235
2 0.539869 0.241495 0.0279506 0.0347692 242
2 0.505854 0.236829 0.0327943 0.0424713 134
2 0.183077 0.175886 0.0193041 0.024854 260
2 0.0658222 0.154738 0.0166968 0.0238462 276
