2 0.363187 0.19283 0.0166366 0.023892 8
2 0.679838 0.472519 0.155788 0.217103 17
2 0.46645 0.480469 0.137368 0.172202 38
2 0.303095 0.312012 0.0702284 0.10525 72
2 0.457245 0.348187 0.0816444 0.097161 74
2 0.391211 0.300929 0.0711251 0.0966665 91
2 0.204001 0.236121 0.0408892 0.0520592 118
2 0.314855 0.265515 0.0481291 0.0644738 184
7 0.703526 0.285185 0.0467635 0.0557755 190
7 0.15284 0.156001 0.0294359 0.0682607 123
2 0.279442 0.239604 0.0399212 0.0481646 205
2 0.483803 0.227191 0.0332518 0.0438402 97
2 0.156685 0.191658 0.024717 0.0338299 216
2 0.196875 0.182975 0.0230511 0.0298084 235
2 0.576764 0.251095 0.0264509 0.0366809 242
2 0.546828 0.246781 0.0349796 0.0454082 134
