2 0.364522 0.193177 0.0164048 0.0234018 8
2 0.659273 0.460776 0.148942 0.208858 17
2 0.455164 0.468866 0.132556 0.167078 38
2 0.299583 0.310005 0.0687969 0.102538 72
2 0.449313 0.34295 0.0793341 0.0938789 74
2 0.385697 0.29809 0.0700099 0.0949104 91
2 0.202466 0.235429 0.0411224 0.0519944 118
2 0.311543 0.264057 0.048884 0.0633908 184
7 0.710058 0.287386 0.0470493 0.0565817 190
7 0.152624 0.15539 0.0280935 0.0671433 123
2 0.2769 0.238715 0.0379585 0.0484745 205
2 0.486622 0.229428 0.031545 0.0413533 97
2 0.155376 0.19231 0.0239824 0.0305825 216
2 0.196084 0.183126 0.0224228 0.0300276 235
2 0.580394 0.253396 0.02658 0.0385916 242
7 0.550493 0.249029 0.0361624 0.0463299 134
