7 0.840792 0.57773 0.241775 0.287146 4
2 0.429069 0.455895 0.118752 0.147169 5
2 0.367563 0.198971 0.0180837 0.0248342 6
2 0.317186 0.343656 0.0803376 0.103492 7
2 0.461724 0.222928 0.0237622 0.0337929 8
2 0.394526 0.203797 0.0208829 0.0291856 9
2 0.33218 0.274754 0.0535019 0.0756793 10
2 0.248431 0.21953 0.0345026 0.0506592 17
2 0.280906 0.247683 0.0392022 0.0482058 34
2 0.201876 0.228188 0.0337037 0.0444045 38
2 0.176645 0.206234 0.0270897 0.04109 72
2 0.224632 0.209922 0.0235349 0.0331027 74
7 0.328552 0.176784 0.0281436 0.0486535 2
2 0.203611 0.195623 0.0301996 0.0292602 91
2 0.975635 0.373597 0.047468 0.0932955 97
