7 0.761498 0.528695 0.205607 0.253591 4
2 0.406006 0.433155 0.110407 0.134977 5
2 0.370067 0.199169 0.0181994 0.0261489 6
2 0.306832 0.332585 0.0759356 0.100217 7
2 0.466462 0.224235 0.0258966 0.033001 8
2 0.397809 0.204988 0.0210654 0.0306054 9
2 0.323497 0.270426 0.0506412 0.0743662 10
2 0.244915 0.216248 0.0344392 0.0509374 17
2 0.27554 0.243505 0.0381378 0.0482905 34
2 0.19941 0.225432 0.0343665 0.0435635 38
2 0.175066 0.204462 0.0251059 0.0391918 72
2 0.221555 0.208188 0.0209604 0.0270218 74
7 0.330762 0.176021 0.0289444 0.0470005 2
2 0.202249 0.192936 0.0290231 0.0284453 91
