2 0.4015 0.204409 0.0203337 0.0270727 8
2 0.351955 0.190784 0.0187193 0.0276342 9
2 0.718846 0.510281 0.164894 0.2128 10
2 0.351912 0.278997 0.0613479 0.0879622 17
2 0.462903 0.358583 0.0834768 0.10317 34
2 0.270334 0.288979 0.0581296 0.0758023 38
2 0.217434 0.242057 0.0412735 0.0589167 72
2 0.300677 0.252987 0.0397422 0.0526248 74
2 0.272025 0.229474 0.0383429 0.0468489 91
7 0.615497 0.265372 0.0463179 0.0586555 97
2 0.153189 0.203138 0.0282914 0.0374297 118
7 0.745722 0.30444 0.0643971 0.0659185 134
2 0.247601 0.221793 0.0267253 0.0375454 184
2 0.0741999 0.160134 0.0164074 0.0191661 186
2 0.990212 0.369417 0.019373 0.0659616 190
7 0.144162 0.152768 0.0218729 0.0572376 123
