2 0.393837 0.199995 0.0194728 0.0270606 8
2 0.902145 0.63355 0.19571 0.28568 10
2 0.383878 0.293898 0.0694195 0.0995477 17
2 0.528848 0.39786 0.1007 0.122212 34
2 0.29079 0.303977 0.0650261 0.0861545 38
2 0.227686 0.24858 0.045235 0.0663984 72
2 0.318976 0.262428 0.0451804 0.0583832 74
2 0.286233 0.238553 0.0401832 0.0576798 91
7 0.582961 0.255432 0.0421003 0.0524867 97
2 0.161134 0.205077 0.0303567 0.0400506 118
7 0.697018 0.288577 0.0518231 0.0609335 134
2 0.257863 0.225044 0.0289326 0.04085 184
2 0.0823978 0.158901 0.0178584 0.019151 186
7 0.938567 0.347207 0.0764205 0.0777271 190
7 0.145644 0.147237 0.0243663 0.0515846 123
