2 0.887279 0.903765 0.225442 0.18248 1
7 0.697743 0.489228 0.17927 0.228654 4
2 0.385489 0.411789 0.100669 0.127622 5
2 0.372891 0.199945 0.0189982 0.026121 6
2 0.296813 0.322842 0.0719592 0.0933727 7
2 0.471846 0.225498 0.0248011 0.0344233 8
2 0.401384 0.205797 0.0225387 0.0318824 9
2 0.31514 0.264296 0.0492503 0.0705847 10
2 0.24134 0.21471 0.0316604 0.0474666 17
2 0.270672 0.239154 0.0374973 0.0463898 34
2 0.196933 0.222461 0.0330754 0.0429626 38
2 0.173235 0.201301 0.024131 0.0386358 72
2 0.218686 0.20532 0.0187033 0.0276882 74
7 0.33261 0.176784 0.0294042 0.0476646 2
