2 0.623005 0.644582 0.22227 0.26743 7
2 0.417209 0.206964 0.0206547 0.0285003 8
2 0.36325 0.191364 0.0187311 0.0270975 9
2 0.520915 0.385854 0.103079 0.141493 10
2 0.30995 0.253508 0.0498941 0.0729017 17
2 0.383354 0.305244 0.0659456 0.0799815 34
2 0.243128 0.262832 0.0478507 0.064098 38
2 0.201169 0.225427 0.0359794 0.0522725 72
2 0.272486 0.233902 0.0346312 0.0450522 74
2 0.249226 0.21374 0.0287724 0.0374023 91
7 0.687465 0.28691 0.0543372 0.0636422 97
2 0.14145 0.193991 0.0263345 0.0347633 118
2 0.812482 0.315918 0.0498933 0.0564821 121
7 0.87179 0.340168 0.0750877 0.0770115 134
7 0.141946 0.148434 0.0222572 0.052865 123
7 0.310844 0.167681 0.0224686 0.0429759 2
