2 0.401831 0.204898 0.0203618 0.0271086 8
2 0.352287 0.191407 0.0185804 0.0280166 9
2 0.711422 0.505872 0.16161 0.209881 10
2 0.350665 0.2783 0.0617097 0.0871644 17
2 0.459852 0.357151 0.0826507 0.101945 34
2 0.269619 0.288066 0.057738 0.0756599 38
2 0.216809 0.242039 0.0407544 0.0586001 72
2 0.299083 0.252535 0.0407592 0.0534561 74
2 0.270551 0.229245 0.0353302 0.0459417 91
7 0.617068 0.266333 0.0454744 0.0581719 97
2 0.153011 0.203257 0.0286435 0.0372279 118
2 0.725427 0.291944 0.0288695 0.0429446 121
7 0.751098 0.305802 0.0592661 0.0653909 134
2 0.247009 0.221673 0.0268827 0.0377398 184
2 0.0741416 0.160743 0.0158739 0.0186602 186
7 0.144154 0.152728 0.021934 0.0566217 123
