2 0.367893 0.196132 0.0171819 0.0233489 8
2 0.6003 0.427115 0.130049 0.184304 17
2 0.420938 0.435472 0.117224 0.151204 38
2 0.287074 0.300844 0.0654583 0.0955062 72
2 0.425959 0.330447 0.0744738 0.0898196 74
2 0.368515 0.290559 0.0638792 0.0888108 91
2 0.19628 0.233125 0.0391592 0.0495542 118
2 0.305693 0.260417 0.0414624 0.0591373 184
7 0.730614 0.295045 0.0498726 0.0584019 190
7 0.151347 0.153048 0.0257634 0.058637 123
2 0.270669 0.236295 0.0375646 0.0463696 205
7 0.496074 0.233688 0.0329585 0.0441173 97
2 0.151809 0.192061 0.0240501 0.0319669 216
2 0.194529 0.183641 0.0208741 0.0300105 235
2 0.564632 0.254703 0.0368252 0.046914 231
2 0.592439 0.257274 0.0261733 0.0393466 242
