7 0.970599 0.723252 0.0588015 0.251206 4
2 0.500824 0.528218 0.150198 0.181786 5
2 0.36136 0.198162 0.0181281 0.024424 6
2 0.348533 0.37394 0.0933812 0.120303 7
2 0.451633 0.220247 0.0233607 0.0319675 8
2 0.38735 0.201356 0.0203196 0.0302366 9
2 0.356489 0.289254 0.0592285 0.0849871 10
2 0.257979 0.225248 0.0367661 0.0536891 17
2 0.295647 0.25657 0.042592 0.0539609 34
2 0.208043 0.233705 0.0367759 0.0471096 38
2 0.181274 0.210377 0.0296751 0.0414666 72
2 0.231616 0.214296 0.0254691 0.0350065 74
7 0.323747 0.174312 0.0282163 0.045016 2
2 0.216172 0.199121 0.0214554 0.0310487 91
7 0.910774 0.350259 0.0885575 0.0969189 97
