2 0.771125 0.820755 0.312235 0.34954 1
7 0.616168 0.439552 0.148833 0.195717 4
2 0.358254 0.384494 0.0908847 0.113162 5
2 0.377452 0.202238 0.0189967 0.0246996 6
2 0.282788 0.308648 0.0669881 0.0873715 7
2 0.479203 0.228391 0.0257528 0.0338879 8
2 0.407228 0.207126 0.021924 0.0320332 9
2 0.302864 0.258932 0.0466107 0.0686293 10
2 0.23707 0.212242 0.032626 0.045045 17
2 0.262751 0.235045 0.0351817 0.0447088 34
2 0.193326 0.219435 0.0317796 0.0413929 38
0 0.464056 0.199458 0.00782318 0.0318067 42
2 0.170887 0.199249 0.0243567 0.0365083 72
2 0.214917 0.203103 0.0207884 0.0273381 74
7 0.335935 0.178809 0.0297633 0.0493167 2
