2 0.563885 0.590122 0.178269 0.212049 5
2 0.35784 0.194798 0.0166327 0.0243035 6
2 0.372313 0.395109 0.102627 0.133302 7
2 0.445357 0.217301 0.022773 0.0312361 8
2 0.382788 0.198597 0.019503 0.0304065 9
2 0.374751 0.297459 0.063732 0.0903056 10
2 0.264462 0.227668 0.0369977 0.056061 17
2 0.305539 0.261389 0.0463511 0.0574369 34
2 0.213319 0.236587 0.0384758 0.0493251 38
2 0.184572 0.210866 0.0311216 0.0431105 72
2 0.237811 0.215412 0.0259589 0.0363484 74
7 0.320932 0.172434 0.0272062 0.0465093 2
2 0.220105 0.200011 0.0247807 0.0317257 91
7 0.861713 0.33671 0.0801855 0.0875813 97
2 0.129334 0.185805 0.0230684 0.0307462 118
2 0.985209 0.3671 0.0273558 0.0671519 121
