2 0.633976 0.659976 0.212719 0.249785 5
2 0.355048 0.194501 0.0167292 0.0247544 6
2 0.397146 0.420083 0.114291 0.143899 7
2 0.440118 0.215339 0.022355 0.0303323 8
2 0.379889 0.197921 0.0195181 0.0307394 9
2 0.39163 0.305906 0.0681084 0.0933998 10
2 0.270791 0.231952 0.0398799 0.0568614 17
2 0.315688 0.267257 0.0487489 0.0608648 34
2 0.217611 0.240859 0.0391228 0.0507245 38
2 0.187312 0.213659 0.0322676 0.0445669 72
2 0.242645 0.219006 0.0254981 0.0372218 74
7 0.319066 0.171631 0.0264617 0.0458428 2
2 0.225199 0.201537 0.0238884 0.0327503 91
7 0.824918 0.327387 0.0741861 0.0806988 97
2 0.130961 0.18912 0.0233004 0.0292807 118
2 0.96618 0.360357 0.0659739 0.0696645 121
