2 0.338131 0.185979 0.0156135 0.0211962 8
2 0.515216 0.516284 0.157302 0.228135 72
2 0.929009 0.700078 0.141982 0.264117 74
2 0.706621 0.497523 0.166767 0.216758 91
2 0.273705 0.290087 0.0597584 0.076565 118
2 0.440317 0.346018 0.0798275 0.0968023 184
2 0.574536 0.249837 0.0338116 0.0438021 190
7 0.161055 0.16244 0.0326683 0.0786888 123
2 0.355806 0.289497 0.0586121 0.0736436 205
2 0.418163 0.208305 0.0263238 0.0371238 97
2 0.194956 0.214125 0.0311058 0.0404658 216
2 0.217121 0.197984 0.0237576 0.0374988 235
2 0.496013 0.229121 0.0247987 0.0314403 242
2 0.457786 0.223491 0.028098 0.0362758 134
2 0.192047 0.180248 0.0197795 0.0260299 260
2 0.0857976 0.159346 0.0191166 0.0252005 276
2 0.961477 0.355688 0.0731254 0.0751294 289
