2 0.463843 0.520505 0.148139 0.190596 1
7 0.346112 0.181913 0.0327464 0.0506039 2
2 0.68072 0.490913 0.140962 0.17943 3
7 0.462428 0.34791 0.0980395 0.134678 4
2 0.298822 0.327048 0.0699213 0.0861534 5
2 0.392669 0.206561 0.0196949 0.0266689 6
2 0.249951 0.276441 0.054143 0.0682057 7
2 0.505873 0.23673 0.0276881 0.0368812 8
2 0.42579 0.212544 0.0243089 0.0327127 9
2 0.274344 0.240699 0.0360725 0.0562629 10
2 0.221126 0.204719 0.0278489 0.038949 17
2 0.2427 0.222402 0.0309909 0.038867 34
2 0.182814 0.211463 0.0284727 0.0361911 38
0 0.463903 0.202504 0.0064449 0.0310412 42
