2 0.387038 0.200646 0.0189965 0.0273261 8
2 0.418339 0.31779 0.0781535 0.11347 17
2 0.61154 0.453809 0.124854 0.14687 34
2 0.312777 0.327676 0.0740118 0.0970379 38
2 0.239315 0.262023 0.0485823 0.0700249 72
2 0.33847 0.280466 0.0505696 0.0687915 74
2 0.302645 0.251176 0.0472717 0.0641087 91
2 0.557945 0.250297 0.0390329 0.0512082 97
2 0.168992 0.213942 0.0330885 0.0419568 118
7 0.658232 0.279823 0.0483303 0.0566652 134
2 0.26806 0.234888 0.0340997 0.04457 184
2 0.0888759 0.163045 0.0157994 0.0200316 186
7 0.874257 0.332867 0.0671925 0.0721687 190
7 0.147094 0.150715 0.0250442 0.0527016 123
2 0.244678 0.215313 0.0276672 0.0333064 205
2 0.657894 0.279803 0.048381 0.0561394 206
7 0.558105 0.250369 0.0390547 0.0509473 207
