2 0.354544 0.191024 0.0165266 0.0231693 8
7 0.929117 0.659778 0.141766 0.334136 17
2 0.635655 0.649628 0.219538 0.263818 38
2 0.347564 0.355159 0.086617 0.125724 72
2 0.550429 0.40832 0.107552 0.126487 74
2 0.456059 0.341805 0.0890254 0.122159 91
2 0.222919 0.250178 0.0460864 0.0590077 118
2 0.346404 0.277398 0.0568205 0.0540242 184
7 0.651402 0.270811 0.0421024 0.0511052 190
7 0.154948 0.157224 0.0289143 0.069745 123
2 0.300534 0.253572 0.0463404 0.0554998 205
7 0.458482 0.219523 0.0285848 0.0421677 97
2 0.167866 0.198395 0.0264774 0.034492 216
2 0.202771 0.187405 0.023244 0.0333621 235
2 0.544603 0.242114 0.0278856 0.0356912 242
2 0.511702 0.237895 0.0317394 0.0410576 134
2 0.181265 0.176277 0.0210597 0.0257687 260
