2 0.370711 0.19678 0.0171703 0.0246113 8
2 0.556581 0.400805 0.116644 0.16843 17
2 0.960794 0.718127 0.0774192 0.236211 34
2 0.396217 0.410695 0.106707 0.136894 38
2 0.277388 0.291626 0.0611685 0.0927398 72
2 0.407201 0.318968 0.0691582 0.0853454 74
2 0.355234 0.282424 0.0615564 0.083687 91
2 0.191953 0.229003 0.0393913 0.0491531 118
2 0.298908 0.254979 0.0380635 0.0552445 184
7 0.750617 0.300074 0.0517206 0.0596046 190
7 0.151029 0.154294 0.0266498 0.0596442 123
2 0.265677 0.232121 0.0350265 0.0453103 205
2 0.504723 0.235673 0.0346234 0.0463504 97
2 0.149174 0.190883 0.0232005 0.030168 216
2 0.192365 0.182943 0.0208738 0.0287286 235
2 0.577492 0.258904 0.0376976 0.0467489 231
2 0.604077 0.259919 0.0250544 0.0395919 242
0 0.463293 0.1978 0.00781215 0.0305093 243
