2 0.360887 0.190529 0.0170041 0.0236025 8
2 0.743057 0.510592 0.177698 0.240154 17
2 0.5015 0.51348 0.152943 0.191351 38
2 0.314056 0.323112 0.0740224 0.104815 72
2 0.478694 0.360115 0.0874294 0.104505 74
2 0.406866 0.309782 0.0750836 0.103556 91
2 0.208676 0.238189 0.0411605 0.0530099 118
2 0.321646 0.268061 0.052432 0.0631181 184
7 0.688611 0.279954 0.0447353 0.0542699 190
7 0.153528 0.153959 0.0290449 0.0661931 123
2 0.285238 0.242409 0.0419648 0.0515729 205
7 0.476448 0.223639 0.0310008 0.0425639 97
2 0.159897 0.187997 0.0257796 0.0400417 216
2 0.198183 0.182961 0.0221676 0.0304148 235
2 0.566894 0.247736 0.0280673 0.0364793 242
2 0.537027 0.242311 0.0350048 0.0434244 134
2 0.178687 0.173234 0.0182016 0.025552 260
