2 0.589121 0.614852 0.189606 0.224697 5
2 0.356515 0.194397 0.0170576 0.024159 6
2 0.381108 0.405235 0.106809 0.137428 7
2 0.442629 0.216892 0.0217822 0.0305369 8
2 0.381067 0.198129 0.0194908 0.0307017 9
2 0.381056 0.300275 0.0661947 0.0904824 10
2 0.266607 0.228813 0.0388093 0.0571239 17
2 0.309365 0.264012 0.0479314 0.058009 34
2 0.214825 0.2375 0.038686 0.0504452 38
2 0.185162 0.212151 0.0305372 0.0431673 72
2 0.239939 0.216279 0.0260358 0.0360083 74
7 0.320454 0.172139 0.0265625 0.0468553 2
2 0.222182 0.199824 0.0256632 0.0292418 91
7 0.846073 0.334439 0.076838 0.0802387 97
2 0.131007 0.187441 0.0240828 0.0294225 118
2 0.976293 0.364363 0.0433892 0.06886 121
7 0.138478 0.149693 0.0200481 0.04867 123
