2 0.895742 0.902016 0.208516 0.185713 5
2 0.487891 0.514961 0.15433 0.192482 7
2 0.427963 0.215185 0.023044 0.0291192 8
7 0.37048 0.199321 0.0192585 0.0284421 9
2 0.449738 0.347786 0.0841106 0.115763 10
2 0.289888 0.247172 0.045176 0.0657363 17
2 0.347907 0.290899 0.0550492 0.0677283 34
2 0.230096 0.256257 0.0436108 0.05741 38
2 0.193932 0.224051 0.0335817 0.0476405 72
2 0.257872 0.23079 0.0288602 0.0423788 74
7 0.313565 0.174266 0.0249241 0.0430367 2
2 0.236325 0.212946 0.0274603 0.0340743 91
7 0.743527 0.303551 0.0627463 0.0770403 97
2 0.136512 0.196952 0.0260117 0.0305082 118
2 0.875498 0.33781 0.0571299 0.0634992 121
7 0.964952 0.369569 0.069688 0.0831716 134
7 0.140371 0.14915 0.0208708 0.0425 123
0 0.463286 0.202755 0.00781164 0.0312427 139
