2 0.285217 0.327532 0.0703074 0.0926652 1
7 0.371817 0.19052 0.0360322 0.0548245 2
2 0.380421 0.307536 0.0627909 0.0862612 3
7 0.317279 0.264572 0.0550015 0.0796757 4
2 0.229837 0.264417 0.04616 0.05799 5
2 0.432347 0.220502 0.0234813 0.0305005 6
2 0.203781 0.238825 0.0336369 0.0469714 7
2 0.579643 0.259804 0.0337572 0.0455975 8
7 0.474221 0.227901 0.0275011 0.0390819 9
2 0.231831 0.215618 0.0261963 0.0402439 10
2 0.324526 0.194678 0.0163097 0.0229181 13
2 0.194906 0.194497 0.020349 0.0318991 17
