2 0.388782 0.200605 0.0189333 0.0270081 8
2 0.40836 0.31109 0.0758201 0.109526 17
2 0.585693 0.437 0.117004 0.138351 34
2 0.305874 0.321529 0.0710219 0.0937371 38
2 0.23628 0.25849 0.0469766 0.0692658 72
2 0.331946 0.274295 0.0504156 0.0659374 74
2 0.296898 0.248055 0.0446591 0.0605002 91
7 0.565514 0.252166 0.040573 0.0529462 97
2 0.166806 0.211828 0.0330513 0.0404154 118
7 0.668166 0.282855 0.0485252 0.0573597 134
2 0.265336 0.231734 0.0297588 0.0430279 184
2 0.0870631 0.162156 0.0172583 0.0191422 186
7 0.890816 0.337456 0.068969 0.0733172 190
7 0.147376 0.152358 0.0258916 0.0573174 123
2 0.242818 0.213871 0.0265659 0.0324166 205
