2 0.392709 0.200058 0.0190676 0.0277041 8
2 0.913792 0.651508 0.172415 0.292578 10
2 0.386924 0.296398 0.0699452 0.101241 17
2 0.536983 0.40382 0.103061 0.124748 34
2 0.292895 0.306145 0.0655942 0.0877781 38
2 0.228811 0.249995 0.0446826 0.0663344 72
2 0.320368 0.264294 0.0459134 0.0600027 74
2 0.288228 0.240307 0.0406353 0.0577834 91
7 0.580215 0.254355 0.0421053 0.0537121 97
2 0.16175 0.206816 0.0313443 0.0401028 118
7 0.692281 0.287322 0.0513302 0.0598799 134
2 0.258652 0.225059 0.0296522 0.0411024 184
2 0.0830469 0.158908 0.0175881 0.0189291 186
7 0.930916 0.345509 0.0750032 0.0769685 190
7 0.145843 0.143671 0.0227466 0.0446338 123
2 0.238693 0.210182 0.0248827 0.0333165 205
