2 0.776827 0.801736 0.31271 0.363572 7
2 0.411035 0.208333 0.0203742 0.0283723 8
7 0.358641 0.194072 0.0184037 0.0277749 9
2 0.584265 0.427876 0.121672 0.162585 10
2 0.325158 0.264888 0.0529143 0.0794967 17
2 0.410494 0.326092 0.0708777 0.0880869 34
2 0.252955 0.274135 0.0518057 0.0675127 38
2 0.207463 0.234876 0.0386584 0.0554049 72
2 0.282731 0.243861 0.0389788 0.0501315 74
2 0.256975 0.221998 0.0330879 0.0411157 91
7 0.655827 0.278998 0.0504215 0.0616751 97
2 0.146098 0.200164 0.0290825 0.036098 118
2 0.774761 0.306953 0.0428083 0.0492825 121
7 0.815394 0.326242 0.0696168 0.0723415 134
7 0.308813 0.170565 0.0189097 0.0425935 2
0 0.463287 0.198949 0.00781139 0.0297368 139
7 0.14259 0.151662 0.0225544 0.0537458 123
