2 0.336312 0.186437 0.0157103 0.0207876 8
2 0.560996 0.560438 0.177753 0.256069 72
2 0.988913 0.772316 0.0221744 0.192165 74
2 0.774505 0.540703 0.19203 0.244835 91
2 0.283552 0.298572 0.0632647 0.0815427 118
2 0.46004 0.358987 0.0858552 0.103606 184
2 0.564998 0.248079 0.0334904 0.0426849 190
7 0.162184 0.163413 0.033695 0.0803013 123
2 0.367088 0.297003 0.06159 0.0768412 205
7 0.413843 0.207295 0.0255538 0.0367689 97
2 0.199507 0.216741 0.031826 0.0418205 216
2 0.219352 0.199649 0.0248676 0.0386858 235
2 0.489569 0.22839 0.0240321 0.0304909 242
2 0.45093 0.220698 0.0265292 0.0350119 134
2 0.193532 0.18205 0.0194285 0.0273405 260
2 0.927485 0.347002 0.069936 0.0726703 289
2 0.0890383 0.159267 0.0196985 0.0246803 276
