3 0.385507 0.200511 0.0183515 0.0258596 8
2 0.427067 0.323189 0.0802071 0.117386 17
2 0.634453 0.468486 0.131149 0.152646 34
2 0.317867 0.333418 0.0751364 0.100252 38
2 0.241785 0.264727 0.0487168 0.0717784 72
2 0.34331 0.282628 0.0522866 0.0685184 74
2 0.306221 0.253849 0.0464139 0.0671068 91
2 0.170504 0.214446 0.0331629 0.0420558 118
2 0.650342 0.277882 0.0492172 0.0547152 134
2 0.271166 0.236783 0.0340852 0.0480176 184
2 0.0902516 0.163487 0.015804 0.0196269 186
7 0.860789 0.328713 0.0655112 0.0705466 190
7 0.147921 0.151072 0.0253812 0.0549214 123
2 0.24523 0.217033 0.0289852 0.0329771 205
7 0.552986 0.2491 0.0390924 0.051439 97
