2 0.385152 0.200326 0.0185977 0.0261789 8
2 0.429227 0.324733 0.0805518 0.117649 17
2 0.64046 0.472395 0.132728 0.154115 34
2 0.319524 0.334872 0.0759638 0.100769 38
2 0.242656 0.265028 0.0493581 0.0726149 72
2 0.344765 0.283305 0.0529469 0.068313 74
2 0.307589 0.25421 0.0472948 0.0665653 91
2 0.170783 0.214804 0.0332176 0.0420707 118
2 0.648659 0.277094 0.0497207 0.0547062 134
2 0.271343 0.236901 0.0348688 0.0485625 184
2 0.0904923 0.162817 0.0156513 0.0202046 186
7 0.857708 0.327636 0.0644725 0.0698324 190
7 0.147986 0.151274 0.0257913 0.0554575 123
2 0.246401 0.217057 0.0274955 0.0322836 205
2 0.551599 0.248591 0.039039 0.0514111 97
