2 0.376048 0.426205 0.106768 0.142986 1
7 0.354563 0.183616 0.0320071 0.0517658 2
2 0.535665 0.400369 0.0997337 0.133143 3
7 0.399594 0.310379 0.0795724 0.11137 4
2 0.270165 0.299803 0.0596052 0.0751914 5
2 0.403803 0.2105 0.0211089 0.0294852 6
2 0.231873 0.261136 0.0472266 0.0605544 7
2 0.527022 0.243275 0.0296579 0.0384481 8
2 0.439781 0.217688 0.0249909 0.0355618 9
2 0.258774 0.230507 0.0312657 0.0490129 10
2 0.210729 0.200788 0.024053 0.0363522 17
2 0.231716 0.214823 0.0263464 0.0357955 34
2 0.176485 0.206087 0.0265051 0.0344322 38
0 0.463665 0.202809 0.00718791 0.0319427 42
