2 0.576205 0.601946 0.184455 0.218365 5
2 0.357392 0.194585 0.016383 0.0233886 6
2 0.376967 0.400089 0.104798 0.136723 7
2 0.444389 0.217132 0.0217372 0.0310975 8
2 0.382401 0.198634 0.0195004 0.0306906 9
2 0.378247 0.299342 0.0650347 0.0911375 10
2 0.26532 0.228631 0.0379189 0.0565576 17
2 0.307418 0.262633 0.0469511 0.057289 34
2 0.213796 0.237138 0.0385962 0.0497344 38
2 0.184577 0.211276 0.0299662 0.0423501 72
2 0.239173 0.216239 0.025605 0.0368529 74
7 0.320616 0.172403 0.0270535 0.0472165 2
2 0.220881 0.20045 0.0247321 0.0308356 91
7 0.854408 0.335872 0.0778402 0.083121 97
2 0.130686 0.186847 0.0239235 0.0301407 118
2 0.981505 0.366281 0.0362445 0.0678713 121
7 0.138325 0.149564 0.0203126 0.0484009 123
