2 0.48592 0.543299 0.15941 0.201901 1
7 0.345238 0.180712 0.031587 0.0518012 2
2 0.716957 0.513246 0.152427 0.19104 3
7 0.476548 0.356343 0.101883 0.141647 4
2 0.30492 0.332436 0.0723723 0.0900092 5
2 0.390056 0.20624 0.0195658 0.0254198 6
2 0.252853 0.280301 0.054929 0.0669365 7
2 0.502253 0.235345 0.0280519 0.0366251 8
2 0.423604 0.211481 0.0233788 0.0332772 9
2 0.277251 0.242202 0.0369228 0.0578195 10
2 0.222597 0.205282 0.0279015 0.0384278 17
2 0.245204 0.224081 0.0313986 0.0407646 34
2 0.18474 0.211386 0.0289885 0.0362176 38
