2 0.300851 0.344426 0.0748663 0.102394 1
7 0.367537 0.188437 0.0354818 0.0549346 2
2 0.408482 0.324263 0.0688543 0.0930966 3
7 0.334513 0.274315 0.0605382 0.0863848 4
2 0.238327 0.272034 0.0486143 0.060065 5
2 0.424855 0.216514 0.0234358 0.0299716 6
2 0.209812 0.244401 0.0358869 0.0517674 7
2 0.565661 0.254488 0.0325883 0.0430485 8
7 0.464844 0.225425 0.0271372 0.0369789 9
2 0.237671 0.218766 0.0281406 0.0447411 10
2 0.321397 0.192506 0.0161819 0.0223428 13
2 0.198737 0.195881 0.0243236 0.0354991 17
