2 0.320967 0.365343 0.0842159 0.114434 1
7 0.362951 0.186901 0.0342117 0.0532921 2
2 0.442146 0.343696 0.076529 0.103046 3
7 0.353227 0.283816 0.0667642 0.0924749 4
2 0.247682 0.280862 0.0511323 0.0634158 5
2 0.417875 0.214372 0.0218311 0.0290483 6
2 0.217857 0.248637 0.0403053 0.0535856 7
2 0.551984 0.25054 0.031976 0.0417999 8
7 0.456594 0.221564 0.0258429 0.037375 9
2 0.244022 0.221616 0.0293101 0.0449663 10
2 0.317217 0.190894 0.0146877 0.0218803 13
2 0.202715 0.196326 0.0228801 0.0326341 17
