2 0.569701 0.596364 0.180927 0.213997 5
2 0.357545 0.194773 0.0164447 0.024298 6
2 0.374568 0.397532 0.103462 0.135437 7
2 0.44456 0.217297 0.0216316 0.0302733 8
2 0.382623 0.198584 0.0194962 0.0309355 9
2 0.376523 0.298126 0.0643026 0.0915521 10
2 0.264876 0.228094 0.0371037 0.0562463 17
2 0.306506 0.261848 0.0467849 0.0576509 34
2 0.213558 0.237218 0.038372 0.0491122 38
2 0.184981 0.210899 0.0311207 0.0428833 72
2 0.238128 0.215661 0.025889 0.0367087 74
7 0.320645 0.172549 0.0272771 0.0470115 2
2 0.220097 0.200232 0.0254771 0.0314043 91
7 0.857636 0.336812 0.0776952 0.0835895 97
2 0.130267 0.186302 0.023592 0.0306391 118
2 0.983047 0.366651 0.0316499 0.0677848 121
