2 0.818365 0.835355 0.316384 0.321211 5
2 0.448307 0.475995 0.136673 0.171001 7
2 0.431981 0.217011 0.0218673 0.0292109 8
2 0.373475 0.199686 0.0191036 0.027885 9
2 0.425922 0.333555 0.0771938 0.108919 10
2 0.282155 0.243254 0.0422498 0.0615074 17
2 0.334503 0.283593 0.0524749 0.0655259 34
2 0.224987 0.251436 0.0419636 0.0550775 38
2 0.191248 0.222288 0.0338026 0.0462593 72
2 0.251996 0.227577 0.0272865 0.0395995 74
7 0.316886 0.174153 0.028582 0.0438322 2
2 0.231103 0.20998 0.0282492 0.0331594 91
7 0.771493 0.313395 0.0671867 0.0759249 97
2 0.133713 0.195384 0.0246837 0.0303201 118
2 0.906271 0.346816 0.0597022 0.0657158 121
