2 0.400612 0.203632 0.020054 0.0271468 8
7 0.351098 0.189035 0.0179121 0.0281932 9
2 0.742476 0.52455 0.172299 0.221134 10
2 0.356305 0.280169 0.0620912 0.0896902 17
2 0.47153 0.362991 0.0860614 0.105922 34
2 0.27327 0.289725 0.0589046 0.0765941 38
2 0.218642 0.242397 0.0416278 0.0597671 72
2 0.303317 0.253269 0.0402404 0.0533895 74
2 0.273931 0.229407 0.0381683 0.0474154 91
7 0.610298 0.264228 0.0447318 0.0558845 97
2 0.154026 0.202433 0.0287853 0.037535 118
7 0.736231 0.301042 0.0658557 0.0654396 134
2 0.248855 0.221333 0.0266154 0.0385762 184
2 0.075497 0.159282 0.0157762 0.0189715 186
7 0.983254 0.361737 0.0314142 0.0740564 190
