2 0.349125 0.395319 0.0965458 0.130044 1
7 0.357505 0.184722 0.0344142 0.0529119 2
2 0.489683 0.372642 0.0882188 0.119397 3
7 0.377445 0.297702 0.0732621 0.102932 4
2 0.259489 0.289192 0.0560258 0.0715325 5
2 0.410028 0.212172 0.0210798 0.0290372 6
2 0.224361 0.255105 0.0418852 0.0581524 7
2 0.537492 0.246274 0.0298181 0.0390578 8
7 0.446834 0.219617 0.0251087 0.035684 9
2 0.251928 0.225895 0.0298736 0.0485581 10
2 0.206805 0.198704 0.0253006 0.0352516 17
2 0.226559 0.211802 0.0250002 0.0320819 34
