2 0.839356 0.853633 0.321289 0.282763 1
7 0.650414 0.461004 0.160981 0.210071 4
2 0.370241 0.396605 0.0953006 0.118483 5
2 0.375534 0.201316 0.0184814 0.0244867 6
2 0.288782 0.315335 0.068648 0.0900503 7
2 0.475811 0.226044 0.0239309 0.0339896 8
7 0.404825 0.206672 0.0218107 0.0314089 9
2 0.308283 0.260844 0.0477995 0.0678548 10
2 0.239163 0.213554 0.032502 0.0471703 17
2 0.266515 0.236801 0.0348177 0.045887 34
2 0.195454 0.221057 0.0326961 0.0415236 38
2 0.172276 0.201067 0.0240666 0.0382769 72
2 0.216206 0.205319 0.021106 0.0287753 74
7 0.334754 0.178184 0.0296445 0.0498542 2
2 0.404877 0.206855 0.0216911 0.0317064 76
