2 0.389798 0.200564 0.0187945 0.026595 8
2 0.969672 0.701973 0.0606568 0.268418 10
2 0.401813 0.307079 0.0734903 0.107514 17
2 0.571088 0.427297 0.112919 0.135184 34
2 0.302018 0.317441 0.0695805 0.0928186 38
2 0.233884 0.25556 0.0467667 0.0703711 72
2 0.328571 0.271615 0.0486851 0.0637023 74
2 0.294825 0.245621 0.0449152 0.0600357 91
7 0.568718 0.253344 0.0405725 0.0527147 97
2 0.165751 0.210829 0.032153 0.0402318 118
7 0.674257 0.284355 0.0498264 0.0580447 134
2 0.26315 0.23041 0.0309957 0.0421933 184
2 0.0860558 0.162254 0.0172922 0.0180716 186
7 0.901385 0.339455 0.0696711 0.0751144 190
7 0.146385 0.14847 0.0245406 0.0501389 123
2 0.242346 0.212996 0.024742 0.0321034 205
0 0.463196 0.197385 0.00853087 0.0299126 139
