2 0.350126 0.191075 0.0164076 0.0226712 8
2 0.778423 0.793683 0.300683 0.347921 38
2 0.374408 0.379584 0.096721 0.1433 72
2 0.609838 0.447832 0.125893 0.145285 74
2 0.495069 0.366576 0.0999844 0.13794 91
2 0.233487 0.259736 0.0490041 0.0624605 118
2 0.363684 0.292021 0.0612891 0.0675596 184
7 0.631217 0.265914 0.0389798 0.049132 190
7 0.156486 0.159129 0.0298879 0.0721368 123
2 0.31092 0.261175 0.0482037 0.0597875 205
2 0.4484 0.218082 0.0281037 0.0388909 97
2 0.173715 0.202786 0.027334 0.0358336 216
2 0.205347 0.190374 0.0234434 0.0334354 235
2 0.532727 0.239731 0.0265466 0.0341612 242
2 0.497521 0.23454 0.0311899 0.0401786 134
2 0.183698 0.178879 0.019592 0.0269271 260
2 0.0689458 0.156255 0.0206705 0.0249098 276
