2 0.365639 0.193643 0.0166669 0.0233958 8
2 0.646942 0.453398 0.144832 0.202398 17
2 0.447309 0.461342 0.129332 0.163971 38
2 0.297112 0.3079 0.0675682 0.100448 72
2 0.444452 0.340385 0.0779758 0.0922403 74
2 0.382524 0.296322 0.0693489 0.0930021 91
2 0.201431 0.235259 0.0407443 0.0520208 118
2 0.310135 0.263313 0.0480983 0.0622426 184
7 0.713914 0.288614 0.0478143 0.0571088 190
7 0.152346 0.155823 0.0277503 0.0659935 123
2 0.27587 0.238432 0.0386123 0.0479823 205
7 0.488234 0.230162 0.03277 0.0435642 97
2 0.154859 0.191238 0.0233638 0.0316873 216
2 0.195992 0.183745 0.0215077 0.0303757 235
2 0.582601 0.253686 0.0264807 0.0380437 242
