2 0.336791 0.186414 0.0163096 0.0217179 8
2 0.548264 0.548803 0.172222 0.248558 72
2 0.971667 0.740337 0.0566669 0.220079 74
2 0.756134 0.529062 0.185592 0.236895 91
2 0.281094 0.296514 0.0617488 0.0794117 118
2 0.455246 0.355479 0.0842841 0.102644 184
2 0.567623 0.248859 0.0331759 0.0430763 190
7 0.162239 0.16336 0.0338551 0.0802092 123
2 0.364136 0.294697 0.0607838 0.074337 205
2 0.415147 0.207801 0.0255781 0.0370348 97
2 0.198541 0.216375 0.0321543 0.0416785 216
2 0.218621 0.199406 0.0244858 0.0382375 235
2 0.491136 0.228477 0.0244858 0.0305346 242
2 0.452987 0.220833 0.0268838 0.0360782 134
2 0.192893 0.182386 0.0202463 0.0285381 260
2 0.936105 0.349049 0.0713738 0.0734638 289
