2 0.351899 0.191409 0.0163229 0.0228052 8
2 0.72665 0.742834 0.270201 0.317105 38
2 0.365403 0.373237 0.0931519 0.134143 72
2 0.589766 0.435654 0.119226 0.137715 74
2 0.482365 0.358364 0.0965841 0.132666 91
2 0.229708 0.256998 0.0472183 0.0597221 118
2 0.358083 0.289659 0.0608288 0.0661487 184
7 0.637139 0.267971 0.0405423 0.049248 190
7 0.156229 0.158725 0.029613 0.070781 123
2 0.307479 0.258768 0.0470164 0.0583711 205
7 0.451241 0.217101 0.0298496 0.0427444 97
2 0.172062 0.201801 0.028409 0.0348793 216
2 0.204251 0.190308 0.0232735 0.0331834 235
2 0.536389 0.241078 0.0271928 0.0339218 242
2 0.501493 0.235804 0.0312904 0.040101 134
2 0.183468 0.178142 0.0192254 0.0253881 260
2 0.0665949 0.155969 0.0195051 0.0248908 276
