2 0.333637 0.183756 0.014793 0.0204049 8
2 0.66102 0.654328 0.229924 0.320224 72
2 0.89912 0.629157 0.201761 0.299816 91
2 0.301626 0.31006 0.0688591 0.0891672 118
2 0.498168 0.381963 0.0960728 0.116651 184
2 0.550785 0.242126 0.0314671 0.0416544 190
7 0.164306 0.16271 0.0348684 0.0826297 123
2 0.38714 0.306612 0.0666185 0.083726 205
2 0.406152 0.202787 0.0235736 0.0336959 97
2 0.207986 0.21915 0.0334173 0.0445738 216
2 0.224483 0.199556 0.0238517 0.0394222 235
2 0.479763 0.22333 0.0233439 0.0294173 242
2 0.440929 0.216 0.0261067 0.034388 134
2 0.19641 0.182591 0.0215599 0.0300193 260
2 0.877516 0.330553 0.0626746 0.0682877 289
2 0.0941681 0.157305 0.0194862 0.0243054 276
