2 0.74415 0.802191 0.296788 0.349339 1
7 0.605498 0.433919 0.144559 0.190737 4
2 0.354605 0.380742 0.0891749 0.111279 5
2 0.378316 0.202303 0.0193501 0.0260396 6
2 0.280542 0.307123 0.0655094 0.085558 7
2 0.480536 0.229061 0.0256111 0.0350258 8
2 0.408468 0.207696 0.0220548 0.032123 9
2 0.301179 0.257628 0.0454707 0.0670643 10
2 0.235873 0.211628 0.0320126 0.0438076 17
2 0.261432 0.234821 0.0349401 0.0437039 34
2 0.193206 0.21945 0.0318598 0.0401903 38
0 0.464031 0.199826 0.00782671 0.0318736 42
2 0.170693 0.199046 0.0241604 0.0356821 72
2 0.213945 0.201844 0.0203014 0.0256345 74
7 0.336517 0.179051 0.03003 0.049156 2
