2 0.936815 0.954749 0.125671 0.0878688 1
7 0.735486 0.512884 0.19377 0.242968 4
2 0.399073 0.424847 0.108087 0.131454 5
2 0.371158 0.199512 0.0182275 0.0252329 6
2 0.302707 0.328503 0.0740972 0.0989096 7
2 0.468055 0.224787 0.0251629 0.033073 8
2 0.399369 0.205273 0.0215983 0.0313854 9
2 0.320546 0.267262 0.0499176 0.0716928 10
2 0.243386 0.215699 0.0332789 0.0493467 17
2 0.273615 0.241609 0.0374686 0.0472988 34
2 0.198525 0.224238 0.0337227 0.0431397 38
2 0.173945 0.203877 0.0244068 0.0388496 72
2 0.219844 0.208049 0.0202738 0.0302784 74
7 0.331142 0.176384 0.0296642 0.0479439 2
