2 0.380394 0.431151 0.109377 0.145515 1
7 0.353693 0.183467 0.0326034 0.052034 2
2 0.543413 0.405911 0.101579 0.135949 3
7 0.403283 0.312944 0.0809774 0.112525 4
2 0.271973 0.301351 0.0606357 0.0762872 5
2 0.403083 0.210209 0.0205654 0.0283503 6
2 0.232904 0.262113 0.0459179 0.0616024 7
2 0.525123 0.242694 0.0294738 0.0379552 8
2 0.439085 0.217248 0.024994 0.0349331 9
2 0.259546 0.230848 0.0311141 0.0507472 10
2 0.210988 0.201034 0.0238329 0.0368071 17
2 0.232129 0.215184 0.0265008 0.0359326 34
2 0.176641 0.206118 0.0269575 0.0357541 38
0 0.46361 0.202606 0.00724557 0.031419 42
