2 0.799812 0.832414 0.330917 0.331926 1
7 0.626919 0.446546 0.152634 0.199677 4
2 0.361645 0.389151 0.0921318 0.115064 5
2 0.37671 0.201997 0.0190114 0.0253629 6
2 0.284811 0.310947 0.0678681 0.0872909 7
2 0.477874 0.22794 0.025258 0.0343427 8
2 0.406341 0.207253 0.0223622 0.0321097 9
2 0.304412 0.259592 0.0468011 0.0678176 10
2 0.237834 0.212881 0.0334006 0.0457757 17
2 0.264204 0.235505 0.0361686 0.0454958 34
2 0.193738 0.21956 0.0320355 0.0423509 38
0 0.464074 0.199551 0.00782064 0.0312164 42
2 0.171781 0.199959 0.0238881 0.0378803 72
2 0.215389 0.20457 0.0203427 0.0295734 74
7 0.33559 0.178519 0.0296403 0.0497892 2
