2 0.552868 0.578901 0.173967 0.205771 5
2 0.358382 0.196547 0.0170966 0.0242095 6
2 0.36803 0.393009 0.101144 0.130205 7
2 0.446192 0.218989 0.0223736 0.0318189 8
2 0.383626 0.200088 0.0195968 0.0302032 9
2 0.371348 0.297393 0.0636743 0.0887689 10
2 0.263134 0.228838 0.0369967 0.0560178 17
2 0.303985 0.262163 0.0458366 0.0563323 34
2 0.211772 0.237372 0.0382624 0.0491225 38
2 0.183678 0.212104 0.0305135 0.0427629 72
2 0.23716 0.216901 0.0248062 0.0353745 74
7 0.321976 0.173627 0.0272244 0.0449991 2
2 0.219864 0.201268 0.0242675 0.0327245 91
7 0.869554 0.337319 0.0813623 0.0929706 97
2 0.127386 0.187421 0.0222718 0.0302652 118
2 0.98969 0.371298 0.0202196 0.0604803 121
