2 0.579598 0.638157 0.204425 0.252636 1
7 0.340224 0.180433 0.03126 0.0496428 2
2 0.871561 0.610045 0.208276 0.245899 3
7 0.530065 0.387918 0.119051 0.162965 4
2 0.326041 0.353518 0.0784769 0.0991044 5
2 0.384376 0.20455 0.0192056 0.0266302 6
2 0.265034 0.291952 0.0595113 0.0763249 7
2 0.491371 0.232444 0.0265402 0.035597 8
2 0.41522 0.209507 0.02351 0.0325441 9
2 0.288241 0.248929 0.0409159 0.0626029 10
2 0.228019 0.20836 0.029298 0.0406867 17
2 0.253143 0.228655 0.0334393 0.0425728 34
2 0.188277 0.215637 0.0299879 0.0389797 38
0 0.463281 0.202161 0.00757176 0.0309791 42
2 0.168223 0.196561 0.0223313 0.0362954 72
