2 0.366097 0.195387 0.0170887 0.0240915 8
2 0.628253 0.44394 0.13882 0.195382 17
2 0.437348 0.451156 0.124225 0.159623 38
2 0.293223 0.30515 0.0661258 0.0985101 72
2 0.437481 0.337152 0.0772759 0.0928922 74
2 0.377029 0.294033 0.0667179 0.0915716 91
2 0.198978 0.234841 0.0400549 0.0513602 118
2 0.307312 0.262618 0.0462713 0.0611917 184
7 0.720123 0.290933 0.0484039 0.0571111 190
7 0.151932 0.155234 0.0280781 0.0643877 123
2 0.274444 0.237721 0.0393431 0.0469838 205
2 0.491315 0.231325 0.0328076 0.0423985 97
2 0.153925 0.19216 0.024479 0.0302207 216
2 0.195556 0.184313 0.0213657 0.0303218 235
2 0.557352 0.252271 0.0359233 0.0451188 231
2 0.586691 0.255047 0.025727 0.0386024 242
