2 0.399647 0.202432 0.0201204 0.0277326 8
2 0.35005 0.186836 0.0173179 0.025304 9
2 0.769337 0.540599 0.18226 0.231159 10
2 0.360873 0.281537 0.062781 0.0921961 17
2 0.480418 0.367899 0.087809 0.108231 34
2 0.276178 0.291131 0.0605179 0.0785588 38
2 0.220579 0.242788 0.04237 0.0610914 72
2 0.305532 0.254819 0.0424282 0.0543209 74
2 0.275461 0.230081 0.0376486 0.0479627 91
7 0.6057 0.261905 0.0444272 0.0563764 97
2 0.15518 0.202256 0.0299123 0.0385302 118
7 0.729301 0.298346 0.0632984 0.0642356 134
2 0.250252 0.221319 0.0268052 0.0382093 184
2 0.0767144 0.158986 0.0150296 0.0181738 186
7 0.976977 0.360873 0.0444703 0.0770067 190
