2 0.394606 0.200012 0.0191239 0.0274855 8
2 0.891533 0.620236 0.216934 0.281773 10
2 0.381643 0.291074 0.069895 0.0996093 17
2 0.521123 0.392932 0.0981948 0.121051 34
2 0.288516 0.301202 0.0649311 0.0861714 38
2 0.226793 0.247482 0.0445854 0.0644942 72
2 0.317426 0.260704 0.0437493 0.058055 74
2 0.284462 0.23587 0.0403875 0.0545591 91
7 0.586466 0.25584 0.0420904 0.0536208 97
2 0.159944 0.20424 0.0302905 0.0402506 118
2 0.701893 0.289375 0.0529139 0.0612974 134
2 0.256731 0.223863 0.0287131 0.0416846 184
2 0.0812302 0.158791 0.0162586 0.019458 186
7 0.946297 0.349228 0.0774261 0.0786611 190
7 0.145913 0.147768 0.0242819 0.0519858 123
