7 0.819254 0.564893 0.232519 0.279976 4
2 0.422852 0.450156 0.116419 0.144338 5
2 0.368249 0.198919 0.0182049 0.0257077 6
2 0.314795 0.341585 0.0789788 0.102906 7
2 0.462815 0.223483 0.0249329 0.033368 8
2 0.395648 0.203953 0.0210752 0.0298934 9
2 0.330062 0.273585 0.05344 0.0756963 10
2 0.247744 0.219392 0.0349769 0.0497218 17
2 0.279675 0.245939 0.0395499 0.0499118 34
2 0.201233 0.227885 0.034194 0.0437015 38
2 0.176475 0.205308 0.0265323 0.0415817 72
2 0.224343 0.210179 0.0233521 0.0335113 74
7 0.329271 0.176186 0.0286123 0.0465384 2
2 0.203464 0.195106 0.0297361 0.0310462 91
7 0.980735 0.373087 0.0363349 0.0874843 97
