2 0.350874 0.190956 0.015884 0.022887 8
2 0.751276 0.766455 0.284524 0.331864 38
2 0.3701 0.376919 0.0950141 0.137173 72
2 0.599665 0.441517 0.122148 0.140209 74
2 0.488171 0.362218 0.0982221 0.134367 91
2 0.231851 0.25794 0.0481273 0.0609637 118
2 0.360858 0.290859 0.0610933 0.0670756 184
7 0.634244 0.266467 0.0393233 0.0484226 190
7 0.156316 0.158789 0.0297045 0.0714343 123
2 0.309136 0.260089 0.047229 0.0589858 205
2 0.449718 0.218503 0.0283197 0.0387597 97
2 0.172637 0.202221 0.0278765 0.0351119 216
2 0.204735 0.19029 0.0237261 0.0333331 235
2 0.534365 0.240585 0.026794 0.0336413 242
2 0.499353 0.235342 0.0311915 0.0395423 134
2 0.183296 0.178652 0.0191491 0.0265043 260
2 0.067731 0.155896 0.0201805 0.0246347 276
