2 0.342937 0.186093 0.0163299 0.0232873 8
2 0.446675 0.446044 0.126737 0.189749 72
2 0.793593 0.566398 0.189911 0.203615 74
2 0.604278 0.431733 0.132775 0.177853 91
2 0.256369 0.273929 0.055402 0.0705806 118
2 0.406365 0.319884 0.0712312 0.0853894 184
7 0.594665 0.252805 0.0358735 0.0459188 190
7 0.160022 0.158306 0.0336411 0.0751723 123
2 0.336361 0.275129 0.0534459 0.0671802 205
7 0.429019 0.208698 0.0265914 0.0404382 97
2 0.186273 0.207244 0.0282484 0.0387127 216
2 0.212146 0.191701 0.0249087 0.0367863 235
2 0.509423 0.230825 0.0250376 0.0329001 242
2 0.472042 0.224649 0.0281277 0.0362372 134
2 0.188659 0.176763 0.0196194 0.0273517 260
2 0.0803915 0.155343 0.0187448 0.0249025 276
2 0.594924 0.253015 0.0359411 0.046106 287
