2 0.846775 0.853121 0.30645 0.28738 5
2 0.459064 0.487391 0.141001 0.176427 7
2 0.430453 0.216752 0.0218008 0.0287312 8
2 0.372646 0.199703 0.0190163 0.0278785 9
2 0.432644 0.337451 0.0795664 0.1108 10
2 0.284733 0.244716 0.0441307 0.0629737 17
2 0.338035 0.285388 0.0534696 0.0665315 34
2 0.226479 0.253518 0.0424013 0.0551813 38
2 0.192666 0.222864 0.0340743 0.0464473 72
2 0.252859 0.228801 0.0285337 0.0397178 74
7 0.314931 0.174583 0.0264291 0.0428752 2
2 0.232261 0.211158 0.0283399 0.0328861 91
7 0.763009 0.311512 0.0644946 0.0742036 97
2 0.134564 0.195819 0.0244116 0.0301224 118
2 0.896881 0.344616 0.0594327 0.0648917 121
2 0.982261 0.376466 0.0328839 0.0801467 134
7 0.139504 0.15367 0.020205 0.0484243 123
