2 0.346166 0.186371 0.0156841 0.0212793 8
2 0.898128 0.892526 0.203745 0.202421 38
2 0.406302 0.409402 0.109427 0.160633 72
2 0.687162 0.49786 0.150761 0.16841 74
2 0.543243 0.393864 0.113878 0.156006 91
2 0.244048 0.26576 0.050922 0.0664895 118
2 0.384044 0.303283 0.067283 0.0762507 184
7 0.612006 0.259106 0.0374173 0.0471596 190
7 0.158032 0.157866 0.0321407 0.0743181 123
2 0.323069 0.267146 0.0503839 0.0635237 205
7 0.438648 0.210979 0.0270882 0.0409665 97
2 0.179924 0.203509 0.0287201 0.0359574 216
2 0.208519 0.189624 0.0243936 0.0354098 235
2 0.520263 0.233636 0.0251198 0.0338188 242
2 0.484433 0.228852 0.0296112 0.0376712 134
2 0.186404 0.178701 0.0201026 0.02928 260
2 0.074555 0.155788 0.0191139 0.0232199 276
