2 0.346815 0.391954 0.0967684 0.127625 1
7 0.35836 0.185028 0.0338902 0.0520115 2
2 0.483492 0.368476 0.0865824 0.118499 3
2 0.374863 0.295586 0.0724583 0.101243 4
2 0.257839 0.288986 0.0554543 0.0691545 5
2 0.410538 0.212653 0.0213419 0.0287285 6
2 0.223244 0.254417 0.0419905 0.0574988 7
2 0.539066 0.246916 0.0296703 0.0389923 8
2 0.447866 0.219772 0.0260669 0.036456 9
2 0.250796 0.225622 0.0292445 0.0479328 10
2 0.206094 0.198564 0.02522 0.0348947 17
7 0.447879 0.219895 0.0264064 0.0362493 31
