2 0.39134 0.443341 0.115179 0.150772 1
7 0.352701 0.183317 0.0320954 0.051389 2
2 0.5606 0.415997 0.106248 0.139408 3
7 0.411644 0.317343 0.0827964 0.116357 4
2 0.275898 0.305348 0.0622301 0.0765382 5
2 0.401531 0.209738 0.0206927 0.0283931 6
2 0.235354 0.264624 0.0474579 0.0619234 7
2 0.522726 0.241964 0.0289424 0.0383138 8
2 0.436888 0.216191 0.0246228 0.0352411 9
2 0.2618 0.231896 0.0315527 0.0513695 10
2 0.212068 0.200663 0.0244448 0.0372838 17
2 0.233686 0.21697 0.0275235 0.0366463 34
2 0.177582 0.206556 0.02653 0.0357859 38
0 0.463831 0.202482 0.00682535 0.0318113 42
