2 0.345678 0.185492 0.0158683 0.0222071 8
2 0.936493 0.934275 0.127014 0.126352 38
2 0.417765 0.41857 0.113854 0.170558 72
2 0.7163 0.515448 0.160367 0.178727 74
2 0.560004 0.404369 0.119741 0.162035 91
2 0.248048 0.268081 0.0530295 0.0671257 118
2 0.390056 0.30761 0.0675654 0.0793107 184
2 0.606522 0.256781 0.0374671 0.046864 190
7 0.15884 0.157931 0.0332262 0.0740014 123
2 0.326961 0.269185 0.0516599 0.0652433 205
7 0.436021 0.210033 0.0269138 0.040116 97
2 0.18216 0.204112 0.0296693 0.0368216 216
2 0.209745 0.189574 0.0235095 0.0361503 235
2 0.517109 0.232263 0.0261232 0.0339237 242
2 0.480353 0.227237 0.0296644 0.0379048 134
2 0.187284 0.177017 0.0187451 0.0272141 260
2 0.0764859 0.154912 0.0189297 0.0238299 276
