2 0.647852 0.669452 0.236313 0.279874 7
2 0.415475 0.206632 0.0218393 0.0283846 8
2 0.362483 0.191132 0.0181437 0.0273016 9
2 0.532005 0.392641 0.106989 0.147155 10
2 0.312426 0.254798 0.0500712 0.0737564 17
2 0.387535 0.308338 0.0649268 0.0822741 34
2 0.245184 0.264423 0.0490949 0.0647932 38
2 0.202581 0.227118 0.0370793 0.0534923 72
2 0.273819 0.235191 0.0366561 0.045014 74
2 0.250324 0.215016 0.0297239 0.0377156 91
7 0.680456 0.284288 0.0529943 0.0629999 97
2 0.142121 0.194327 0.0266324 0.0347062 118
2 0.804957 0.312586 0.0500139 0.0550812 121
7 0.859616 0.336232 0.0727798 0.0754219 134
7 0.141938 0.148374 0.0221933 0.0530251 123
7 0.310141 0.167665 0.0218096 0.0432716 2
