2 0.379992 0.196541 0.0191111 0.0248033 8
2 0.467651 0.345677 0.091288 0.13165 17
2 0.748206 0.538623 0.167769 0.18749 34
2 0.34304 0.356202 0.0853929 0.110105 38
2 0.253964 0.269869 0.0531452 0.0806011 72
2 0.365088 0.291572 0.057955 0.0733559 74
2 0.322823 0.261136 0.0512223 0.0724245 91
2 0.178412 0.217336 0.0350256 0.0447907 118
7 0.624425 0.266343 0.0537276 0.0532781 134
2 0.281964 0.241619 0.0361936 0.0506958 184
2 0.0960083 0.161746 0.0169794 0.0177845 186
7 0.814003 0.313801 0.0590982 0.0666183 190
7 0.14958 0.15108 0.0273058 0.0595741 123
2 0.253353 0.220528 0.0318936 0.03688 205
7 0.533152 0.241571 0.036554 0.0497727 97
2 0.142182 0.185705 0.0210081 0.0256559 216
2 0.624973 0.266497 0.0537165 0.0534198 222
