2 0.369574 0.196889 0.0171752 0.0229827 8
2 0.570248 0.409055 0.120777 0.173224 17
2 0.984973 0.750569 0.0288267 0.20062 34
2 0.403936 0.418737 0.110179 0.141216 38
2 0.280635 0.295203 0.0627952 0.0928202 72
2 0.413243 0.322722 0.0713745 0.0859526 74
2 0.358601 0.284896 0.0607071 0.0849266 91
2 0.19329 0.230541 0.0386373 0.0488393 118
2 0.300633 0.256349 0.0399384 0.0561333 184
7 0.743774 0.298539 0.0514373 0.060436 190
7 0.150651 0.153707 0.027014 0.0587158 123
2 0.267518 0.234207 0.0361867 0.0435539 205
7 0.501679 0.235918 0.0343517 0.0456359 97
2 0.149864 0.19159 0.0234944 0.0299424 216
2 0.193377 0.183277 0.0202718 0.0290167 235
2 0.572209 0.257089 0.0362203 0.0462925 231
2 0.600132 0.259904 0.0261234 0.0398453 242
2 0.501893 0.235886 0.0343724 0.0451301 245
