2 0.36025 0.190688 0.0160615 0.0222857 8
2 0.760909 0.521144 0.184492 0.247686 17
2 0.511215 0.522063 0.158019 0.199002 38
2 0.316734 0.325707 0.0743097 0.107693 72
2 0.484897 0.363651 0.0890086 0.104957 74
2 0.410822 0.311881 0.0763673 0.105497 91
2 0.210494 0.239325 0.0427352 0.0541059 118
2 0.324246 0.268764 0.0516633 0.0630634 184
7 0.685035 0.278792 0.0451479 0.0546782 190
7 0.154193 0.154602 0.0296072 0.0669009 123
2 0.286231 0.242787 0.0415736 0.051081 205
7 0.474864 0.222683 0.0308032 0.0437565 97
2 0.1606 0.189744 0.024834 0.0375771 216
2 0.198466 0.183302 0.0211743 0.0314993 235
2 0.564371 0.246503 0.0278165 0.0369015 242
2 0.53392 0.24163 0.0344156 0.0423638 134
2 0.179656 0.17477 0.0179075 0.0283584 260
