2 0.674987 0.697456 0.251589 0.297637 7
2 0.414368 0.206918 0.0213816 0.0283021 8
2 0.361356 0.191281 0.0186585 0.0270836 9
2 0.544169 0.400549 0.110603 0.150085 10
2 0.315034 0.256869 0.051048 0.0752613 17
2 0.393044 0.31245 0.065452 0.0820411 34
2 0.247292 0.266676 0.0496114 0.0651813 38
2 0.203671 0.228753 0.0377356 0.0546042 72
2 0.276314 0.236607 0.0360965 0.0456263 74
2 0.252423 0.216568 0.0299767 0.0395188 91
7 0.674218 0.282531 0.0529821 0.0627219 97
2 0.14321 0.196836 0.026466 0.0340864 118
2 0.797666 0.310879 0.0498178 0.0520357 121
7 0.848403 0.333203 0.0720475 0.0740078 134
7 0.141807 0.14973 0.0231445 0.0548671 123
7 0.309459 0.16881 0.0219035 0.04398 2
0 0.463302 0.197287 0.00781266 0.0305456 139
