2 0.343887 0.185799 0.0163203 0.0226812 8
2 0.436868 0.435745 0.121636 0.182878 72
2 0.76535 0.548012 0.179024 0.193146 74
2 0.58918 0.421622 0.128949 0.172394 91
2 0.253316 0.271495 0.0538021 0.0689285 118
2 0.401116 0.315036 0.0703506 0.0825838 184
7 0.598466 0.253927 0.0359428 0.0464348 190
7 0.159638 0.158092 0.033159 0.0746741 123
2 0.333188 0.272958 0.0531548 0.0659549 205
7 0.431264 0.208467 0.0275668 0.0410332 97
2 0.185069 0.205788 0.0289899 0.0377053 216
2 0.21108 0.190439 0.0247986 0.0370894 235
2 0.511959 0.231186 0.0250839 0.0325088 242
2 0.474242 0.225179 0.0282166 0.0361638 134
2 0.187968 0.176408 0.0197554 0.0276526 260
2 0.0791347 0.154505 0.0181535 0.0239922 276
