2 0.366845 0.416227 0.103575 0.137803 1
7 0.355842 0.183969 0.0318983 0.0520734 2
2 0.520072 0.391584 0.0952916 0.128077 3
7 0.392439 0.306456 0.0780753 0.107609 4
2 0.267079 0.296245 0.0586382 0.0720089 5
2 0.405556 0.210681 0.021446 0.0290075 6
2 0.229567 0.259466 0.0456601 0.0599361 7
2 0.530127 0.243461 0.0296635 0.0385887 8
7 0.441905 0.217759 0.0249742 0.0358205 9
2 0.256176 0.228877 0.0297286 0.0504184 10
2 0.209559 0.200326 0.0242573 0.0364351 17
2 0.229369 0.213444 0.0257243 0.0350793 34
2 0.44227 0.218131 0.0247982 0.0366938 36
2 0.175558 0.204875 0.0261233 0.0332699 38
2 0.392309 0.306078 0.078125 0.108048 40
