2 0.835077 0.834544 0.329847 0.32381 7
2 0.408718 0.20843 0.0203904 0.0279306 8
2 0.357107 0.1945 0.0184629 0.0285175 9
2 0.609873 0.444591 0.129473 0.172544 10
2 0.331022 0.269317 0.0570016 0.0816146 17
2 0.421626 0.333876 0.0731616 0.0911954 34
2 0.256921 0.278166 0.0536024 0.07085 38
2 0.209421 0.237378 0.0390655 0.0561204 72
2 0.287364 0.246876 0.0365435 0.0492672 74
2 0.260463 0.224888 0.0336733 0.0421626 91
7 0.645792 0.276362 0.0497569 0.0618683 97
2 0.147962 0.20247 0.0288218 0.0364237 118
2 0.763299 0.30461 0.0409726 0.0488391 121
7 0.799854 0.322022 0.0655107 0.0704705 134
0 0.463586 0.199469 0.00887028 0.0306348 139
7 0.142792 0.154021 0.0230641 0.0553693 123
