2 0.349135 0.188564 0.0156084 0.0228534 8
2 0.846454 0.841319 0.307092 0.308645 38
2 0.388402 0.39097 0.101524 0.15229 72
2 0.643094 0.468831 0.135846 0.15465 74
2 0.516087 0.37867 0.106118 0.145063 91
2 0.238009 0.262164 0.0501474 0.064064 118
2 0.372294 0.29755 0.0631855 0.0712835 184
7 0.622483 0.262053 0.0387965 0.0481927 190
7 0.157005 0.158539 0.0309565 0.073679 123
2 0.31642 0.264148 0.0485633 0.0602144 205
2 0.4438 0.216607 0.0276519 0.0368938 97
2 0.176204 0.203728 0.0278354 0.0359373 216
2 0.206285 0.190326 0.0238518 0.0342874 235
2 0.52676 0.237298 0.026534 0.0342142 242
7 0.491557 0.232293 0.0312279 0.0387823 134
2 0.185343 0.178909 0.0180695 0.0256446 260
2 0.0714102 0.155823 0.0216265 0.0234123 276
