7 0.909622 0.651678 0.180756 0.331815 4
2 0.462885 0.490548 0.133661 0.163212 5
2 0.364372 0.19831 0.0182461 0.0250747 6
2 0.33231 0.358746 0.086601 0.112828 7
2 0.456124 0.22162 0.0234084 0.0325467 8
2 0.390395 0.202853 0.0206686 0.0312338 9
2 0.344628 0.282441 0.0562805 0.0804202 10
2 0.253862 0.222843 0.0354285 0.0519721 17
2 0.288582 0.252274 0.0410377 0.0514198 34
2 0.205499 0.230973 0.036606 0.0463187 38
2 0.178998 0.208992 0.0283703 0.0400467 72
2 0.228368 0.213298 0.0242489 0.0333863 74
7 0.32581 0.175539 0.0288057 0.0465553 2
2 0.209694 0.196556 0.0278138 0.031071 91
7 0.951435 0.365125 0.0941132 0.093546 97
