2 0.904474 0.910818 0.191052 0.16937 5
2 0.492615 0.519331 0.156204 0.195419 7
2 0.427567 0.214597 0.0228494 0.0296157 8
7 0.370257 0.198916 0.0194511 0.0284825 9
2 0.452368 0.348946 0.0845278 0.117101 10
2 0.290707 0.247311 0.0443288 0.0658047 17
2 0.349322 0.291311 0.0556773 0.0685152 34
2 0.230578 0.256254 0.0437645 0.0572101 38
2 0.194215 0.223781 0.0338729 0.0476664 72
2 0.258372 0.23058 0.0289516 0.0424806 74
7 0.313411 0.173886 0.0254507 0.0435005 2
2 0.237067 0.213153 0.0279312 0.0352279 91
7 0.741418 0.302426 0.0624758 0.0775658 97
2 0.136772 0.196306 0.0256709 0.0310403 118
2 0.872359 0.336811 0.0565065 0.0628063 121
7 0.962954 0.369613 0.0736498 0.0857713 134
7 0.140736 0.149848 0.0205378 0.0446588 123
0 0.463676 0.201514 0.00781231 0.0307134 139
