2 0.337181 0.186352 0.0160917 0.0208002 8
2 0.542491 0.543239 0.169288 0.24547 72
2 0.964129 0.730908 0.070778 0.233462 74
2 0.747369 0.52318 0.182438 0.233033 91
2 0.279664 0.29552 0.0615125 0.0794043 118
2 0.452543 0.353815 0.0835212 0.101644 184
2 0.568859 0.248948 0.033961 0.0432459 190
7 0.162154 0.163223 0.0335693 0.0799998 123
2 0.36296 0.294336 0.0601735 0.0740805 205
2 0.416292 0.208202 0.0252606 0.0362722 97
2 0.198171 0.21612 0.0329379 0.0415493 216
2 0.218443 0.199317 0.0242447 0.0382452 235
2 0.492127 0.228655 0.0249955 0.0306474 242
2 0.453551 0.221128 0.0275995 0.0360297 134
2 0.192738 0.182376 0.0204803 0.0285595 260
2 0.940409 0.350295 0.0710859 0.0739875 289
