2 0.878443 0.88014 0.243115 0.227917 7
2 0.40567 0.207787 0.0201639 0.0275936 8
2 0.355047 0.194012 0.01757 0.0278854 9
2 0.649594 0.469585 0.141996 0.188344 10
2 0.339224 0.274672 0.0575073 0.0835062 17
2 0.436766 0.344014 0.0767891 0.0966256 34
2 0.262485 0.284135 0.0552996 0.0718998 38
2 0.212237 0.24096 0.0399906 0.0573287 72
2 0.293345 0.250271 0.0377735 0.0504506 74
2 0.26454 0.226864 0.0346209 0.0437481 91
7 0.63276 0.27245 0.0478699 0.0610456 97
2 0.149913 0.203978 0.0285171 0.0361646 118
2 0.746994 0.299932 0.036205 0.0462179 121
7 0.777461 0.315794 0.0626319 0.067675 134
0 0.46365 0.200199 0.00871115 0.0324091 139
7 0.143714 0.150139 0.0215829 0.0487493 123
2 0.242149 0.221867 0.0250941 0.0383309 184
