2 0.57929 0.601992 0.199477 0.242668 7
2 0.419935 0.208307 0.0209021 0.0292158 8
7 0.365171 0.192607 0.0182334 0.0263008 9
2 0.499759 0.373309 0.0975559 0.13416 10
2 0.304561 0.250171 0.0487782 0.0706227 17
2 0.372621 0.300334 0.061147 0.0765985 34
2 0.239616 0.260035 0.0464794 0.0622769 38
2 0.19922 0.22426 0.0352162 0.0509995 72
2 0.267718 0.231627 0.0335511 0.0450279 74
2 0.245513 0.211348 0.029379 0.038351 91
7 0.701242 0.290872 0.0562332 0.0660899 97
2 0.139959 0.193755 0.0254177 0.0332777 118
2 0.827777 0.320907 0.0530399 0.0589309 121
7 0.89684 0.347031 0.0789082 0.079986 134
7 0.141287 0.148331 0.0225597 0.0525859 123
0 0.46332 0.197559 0.00779463 0.030568 139
7 0.311282 0.168266 0.0241658 0.0439338 2
