2 0.35498 0.191113 0.0165859 0.0237992 8
2 0.916429 0.640987 0.167142 0.320512 17
2 0.619333 0.633536 0.21064 0.254126 38
2 0.344202 0.35159 0.0849492 0.124209 72
2 0.542597 0.402725 0.104907 0.122382 74
2 0.450597 0.337289 0.0877038 0.117851 91
2 0.221778 0.249592 0.0459338 0.0578949 118
2 0.343354 0.276101 0.0577156 0.0543055 184
7 0.654857 0.271543 0.0421177 0.0510167 190
7 0.154814 0.156321 0.0289071 0.0693433 123
2 0.298726 0.252419 0.0447054 0.0543334 205
2 0.460158 0.219405 0.0282462 0.0431276 97
2 0.167309 0.197923 0.0261386 0.0341318 216
2 0.202516 0.186797 0.022939 0.0327729 235
2 0.546975 0.2427 0.0276548 0.0360871 242
2 0.513859 0.23813 0.0327558 0.0405599 134
2 0.181732 0.176688 0.0199367 0.0239664 260
