2 0.373017 0.196229 0.0170323 0.0236097 8
2 0.527531 0.382805 0.107644 0.154969 17
2 0.914517 0.665078 0.170967 0.244844 34
2 0.378979 0.392223 0.0994404 0.128637 38
2 0.27013 0.285492 0.0587063 0.0868436 72
2 0.394064 0.308877 0.0663306 0.0798703 74
2 0.344577 0.275464 0.0567062 0.0793175 91
2 0.18844 0.224537 0.0371661 0.0488063 118
2 0.294055 0.250408 0.0362637 0.0536197 184
7 0.767058 0.303997 0.053341 0.06065 190
7 0.149471 0.151052 0.0277732 0.0544451 123
2 0.262287 0.230277 0.0355059 0.0475027 205
2 0.512579 0.236937 0.0343966 0.0471541 97
2 0.146881 0.187811 0.0226362 0.0296763 216
2 0.191544 0.181055 0.0207359 0.0289986 235
2 0.58852 0.259553 0.0376597 0.0483381 231
