2 0.342681 0.185852 0.0156995 0.0225359 8
2 0.4543 0.453239 0.129577 0.19295 72
2 0.813529 0.579645 0.197758 0.209243 74
2 0.614854 0.439007 0.135838 0.182289 91
2 0.258327 0.275878 0.0563601 0.0717134 118
2 0.410146 0.323217 0.0722962 0.0873635 184
7 0.59218 0.252101 0.035876 0.0451685 190
7 0.159991 0.158736 0.0336888 0.0760672 123
2 0.338919 0.277087 0.0544628 0.0684788 205
7 0.428043 0.208982 0.0273929 0.0385223 97
2 0.187287 0.207918 0.0287096 0.0394912 216
2 0.212767 0.192116 0.0244009 0.0368425 235
2 0.507492 0.23085 0.0249692 0.032644 242
2 0.46971 0.224375 0.0287762 0.0360948 134
2 0.189071 0.178532 0.0215312 0.0283578 260
2 0.0814643 0.155819 0.0191347 0.0249529 276
2 0.592507 0.252314 0.0359357 0.0451105 287
