2 0.344952 0.185612 0.0162587 0.0219936 8
2 0.423796 0.424099 0.115823 0.173742 72
2 0.731795 0.526409 0.166622 0.1832 74
2 0.569119 0.409959 0.121793 0.164163 91
2 0.249944 0.269275 0.0532398 0.0680584 118
2 0.393604 0.310057 0.0680689 0.0792161 184
2 0.60392 0.255926 0.0364186 0.0466892 190
7 0.159378 0.158249 0.0333295 0.0743343 123
2 0.329121 0.270463 0.0517725 0.0654443 205
7 0.43443 0.209831 0.0269638 0.0392771 97
2 0.183276 0.204855 0.0302588 0.0379308 216
2 0.210356 0.189981 0.0239323 0.0361734 235
2 0.515138 0.232118 0.0258149 0.0340076 242
2 0.478304 0.226852 0.0296487 0.0362765 134
2 0.187084 0.177779 0.0203712 0.026826 260
2 0.0772536 0.155095 0.0185723 0.0232631 276
