2 0.349501 0.190205 0.0157051 0.022479 8
2 0.835105 0.829842 0.329791 0.333771 38
2 0.383346 0.387175 0.0997283 0.148908 72
2 0.631452 0.461419 0.132354 0.151299 74
2 0.508931 0.374213 0.104651 0.142438 91
2 0.236491 0.261533 0.0502776 0.0640303 118
2 0.369106 0.294885 0.0633463 0.0697057 184
7 0.625661 0.263688 0.0388832 0.0479138 190
7 0.156764 0.159193 0.0302074 0.0726587 123
2 0.314619 0.263178 0.0488363 0.0603544 205
7 0.445609 0.215421 0.028584 0.0409083 97
2 0.175168 0.20403 0.0271092 0.0359129 216
2 0.2061 0.190737 0.0237957 0.0339768 235
2 0.528859 0.237913 0.026528 0.0338312 242
2 0.493156 0.232573 0.0313338 0.0390313 134
2 0.18548 0.179219 0.0178992 0.0252269 260
2 0.0710685 0.155934 0.020912 0.0241313 276
