2 0.440378 0.496061 0.1372 0.177717 1
7 0.347254 0.181903 0.0341302 0.0501354 2
2 0.642292 0.466577 0.129485 0.166726 3
7 0.447359 0.339498 0.0936664 0.129078 4
2 0.292028 0.32039 0.0670616 0.0843331 5
2 0.395114 0.207009 0.0195971 0.0275424 6
2 0.245063 0.27371 0.0518036 0.0657815 7
2 0.510624 0.237924 0.0280936 0.0372186 8
2 0.428963 0.213113 0.0244607 0.032709 9
2 0.270835 0.23743 0.0342437 0.055195 10
2 0.220306 0.202898 0.0286883 0.0381829 17
2 0.240262 0.22084 0.030541 0.0374556 34
2 0.181562 0.210005 0.0283279 0.0348685 38
0 0.463639 0.201709 0.0069726 0.0301773 42
