2 0.348533 0.188131 0.0161196 0.0226624 8
2 0.852589 0.848024 0.294823 0.295077 38
2 0.390678 0.393734 0.103094 0.152207 72
2 0.648739 0.472465 0.137447 0.156663 74
2 0.519893 0.380388 0.107532 0.147003 91
2 0.238659 0.262678 0.0503776 0.0645041 118
2 0.37385 0.299351 0.0635945 0.0743841 184
2 0.620728 0.261716 0.0389334 0.0477378 190
7 0.157392 0.158264 0.031705 0.0742301 123
2 0.317165 0.2645 0.0490405 0.0606423 205
7 0.443191 0.214849 0.0284564 0.0397987 97
2 0.176479 0.203404 0.0280495 0.0358334 216
2 0.206533 0.189864 0.0238542 0.0348331 235
2 0.525725 0.236073 0.0265365 0.0350028 242
2 0.490276 0.231393 0.0307022 0.0378772 134
2 0.185103 0.178196 0.0187476 0.025686 260
2 0.0722466 0.155987 0.020382 0.0235682 276
