7 0.915126 0.661263 0.169748 0.337342 4
2 0.466655 0.49441 0.134677 0.165059 5
2 0.363884 0.19831 0.0180638 0.0254787 6
2 0.333733 0.360103 0.0871166 0.113759 7
2 0.455427 0.221566 0.0233957 0.0330283 8
2 0.389708 0.203039 0.0206829 0.031269 9
2 0.34583 0.283518 0.0565953 0.0810711 10
2 0.254055 0.223154 0.0347657 0.0520617 17
2 0.28938 0.252572 0.0410674 0.0523635 34
2 0.205856 0.23129 0.0364791 0.0462918 38
2 0.179411 0.209144 0.0290378 0.0402023 72
2 0.22884 0.213025 0.0232562 0.032706 74
7 0.325669 0.175676 0.0283593 0.046963 2
2 0.212137 0.197543 0.024055 0.0302768 91
7 0.947547 0.363521 0.0954705 0.0935681 97
