2 0.66578 0.688114 0.246418 0.291922 7
2 0.41469 0.206737 0.0218925 0.0280426 8
2 0.36175 0.191064 0.0184825 0.0271046 9
2 0.54008 0.397972 0.108992 0.149045 10
2 0.314533 0.256281 0.0506036 0.0747581 17
2 0.39123 0.311135 0.0655203 0.0818244 34
2 0.246729 0.265881 0.0494047 0.0659846 38
2 0.203259 0.228301 0.0372787 0.0532684 72
2 0.275934 0.235613 0.03474 0.0451592 74
2 0.252021 0.216078 0.0290161 0.039239 91
7 0.676498 0.283113 0.0529698 0.0627584 97
2 0.142706 0.196216 0.0266011 0.0341498 118
2 0.800248 0.311072 0.0496568 0.0525199 121
7 0.852268 0.334098 0.0726337 0.074855 134
7 0.141823 0.149477 0.0228765 0.0546995 123
7 0.309788 0.168314 0.0220593 0.0437089 2
