2 0.311197 0.355034 0.0813671 0.10671 1
7 0.365614 0.187702 0.0351596 0.0539202 2
2 0.42325 0.332745 0.0710865 0.0985295 3
7 0.34196 0.278098 0.0614399 0.0874774 4
2 0.241993 0.275918 0.0494945 0.0619724 5
2 0.421483 0.215487 0.0226321 0.0289812 6
2 0.212827 0.246866 0.0369008 0.0525391 7
2 0.559349 0.253008 0.031786 0.0425075 8
7 0.46079 0.223394 0.0261991 0.0374761 9
2 0.240259 0.219209 0.0292184 0.0452287 10
2 0.319518 0.191193 0.0148046 0.0222998 13
2 0.200114 0.194876 0.0211205 0.0332729 17
