2 0.921277 0.92979 0.157446 0.132523 5
2 0.501714 0.527817 0.160604 0.199725 7
2 0.426023 0.213877 0.0224061 0.0293952 8
2 0.369429 0.198256 0.0190239 0.02911 9
2 0.45766 0.351042 0.0856679 0.119819 10
2 0.292283 0.247491 0.0444527 0.0660792 17
2 0.35207 0.292126 0.0565621 0.0696567 34
2 0.231746 0.256173 0.0440639 0.057957 38
2 0.195008 0.224108 0.0355223 0.0479463 72
2 0.259057 0.230445 0.0301283 0.0427062 74
7 0.312823 0.173533 0.025201 0.0432565 2
2 0.238156 0.213262 0.0283494 0.0354719 91
7 0.735753 0.302297 0.0619539 0.0724569 97
2 0.13713 0.195854 0.0253655 0.0307475 118
2 0.866308 0.3349 0.0561743 0.062595 121
7 0.957809 0.367428 0.0825757 0.0876213 134
7 0.140982 0.150236 0.0212634 0.0490278 123
0 0.46324 0.201072 0.00781078 0.0313935 139
