2 0.879291 0.89542 0.241417 0.197461 1
7 0.690625 0.484948 0.176325 0.225375 4
2 0.383404 0.409665 0.0997268 0.126263 5
2 0.373728 0.200532 0.0187377 0.0255632 6
2 0.296041 0.321714 0.0716801 0.0931447 7
2 0.472437 0.225554 0.0244726 0.0345362 8
2 0.40158 0.205631 0.022306 0.0317646 9
2 0.314119 0.263829 0.0490551 0.0704561 10
2 0.240928 0.214321 0.031 0.0471122 17
2 0.270096 0.238576 0.0372865 0.0472621 34
2 0.196838 0.22223 0.0327701 0.0426486 38
2 0.173126 0.200944 0.023951 0.0392706 72
2 0.21831 0.204671 0.0187727 0.0263077 74
7 0.332927 0.176908 0.0296303 0.0485926 2
