2 0.706317 0.736441 0.251056 0.293115 5
2 0.352888 0.194865 0.01633 0.0226293 6
2 0.418816 0.444985 0.122687 0.156769 7
2 0.43681 0.216412 0.0218617 0.0298603 8
2 0.376559 0.198799 0.0198222 0.0286522 9
2 0.406825 0.319134 0.0723819 0.101367 10
2 0.275792 0.237427 0.0412355 0.0600531 17
2 0.322984 0.274602 0.0521401 0.06348 34
2 0.221474 0.245727 0.0414118 0.055003 38
2 0.189121 0.217888 0.0320014 0.0443374 72
2 0.247659 0.223193 0.0265185 0.0384466 74
7 0.317933 0.174286 0.0273667 0.0455101 2
2 0.227824 0.205963 0.0258244 0.03226 91
7 0.798956 0.320393 0.0697289 0.0794335 97
2 0.131929 0.192906 0.0229212 0.0296952 118
2 0.937938 0.354119 0.0635239 0.0688957 121
