2 0.757832 0.813543 0.304772 0.353507 1
7 0.610577 0.436268 0.146581 0.193724 4
2 0.35638 0.382523 0.0900565 0.112331 5
2 0.378068 0.202094 0.0194666 0.025571 6
2 0.281838 0.307768 0.0662184 0.0865548 7
2 0.479751 0.228831 0.0257129 0.034366 8
2 0.407898 0.207625 0.0224263 0.0322234 9
2 0.301695 0.258597 0.0464885 0.0680396 10
2 0.236583 0.211926 0.0320903 0.0440458 17
2 0.262045 0.234757 0.0351177 0.0437715 34
2 0.193225 0.219293 0.0316158 0.040734 38
0 0.464064 0.19965 0.00782471 0.032157 42
2 0.170763 0.199126 0.0244901 0.0359478 72
2 0.214683 0.202443 0.0202713 0.0267132 74
7 0.336198 0.178888 0.0300209 0.0492734 2
