2 0.500646 0.5546 0.16556 0.218711 1
7 0.344331 0.180269 0.0304314 0.0523702 2
2 0.740719 0.528583 0.160404 0.200626 3
7 0.485679 0.361543 0.104928 0.143867 4
2 0.308794 0.336261 0.0732875 0.0912116 5
2 0.388815 0.206455 0.0203024 0.0259616 6
2 0.254741 0.281972 0.0556039 0.0710176 7
2 0.500271 0.234828 0.0267664 0.0353974 8
2 0.422165 0.211095 0.0234118 0.0328743 9
2 0.279421 0.243234 0.0372827 0.058425 10
2 0.223227 0.204971 0.0264598 0.0388077 17
2 0.245751 0.224506 0.0320487 0.0414483 34
2 0.184932 0.211866 0.0290498 0.0365056 38
0 0.463271 0.203114 0.00625067 0.0319827 42
