2 0.841116 0.847982 0.317769 0.30091 5
2 0.455605 0.483946 0.139908 0.174942 7
2 0.430964 0.216955 0.0216791 0.0293094 8
2 0.373 0.199802 0.019489 0.0281442 9
2 0.430341 0.336002 0.078772 0.110743 10
2 0.284013 0.24378 0.0431624 0.061702 17
2 0.336851 0.284883 0.0531528 0.0666053 34
2 0.225931 0.252445 0.0419631 0.0555987 38
2 0.192549 0.222439 0.0347495 0.0461759 72
2 0.252659 0.228395 0.0277229 0.0398332 74
7 0.315426 0.174429 0.0255424 0.0427471 2
2 0.231661 0.210887 0.0284748 0.0333319 91
7 0.765551 0.312677 0.0657985 0.0739042 97
2 0.134382 0.195275 0.0246748 0.0305603 118
2 0.900045 0.345135 0.0594626 0.065592 121
7 0.985592 0.379152 0.0287478 0.0788799 134
7 0.139638 0.153392 0.0199392 0.047825 123
