2 0.677017 0.706177 0.234911 0.274148 5
2 0.353556 0.194288 0.0166326 0.0229246 6
2 0.410073 0.435091 0.119647 0.152628 7
2 0.438143 0.215977 0.0219556 0.0298998 8
2 0.378067 0.198662 0.0204036 0.0293643 9
2 0.401264 0.313728 0.0705651 0.0983848 10
2 0.273752 0.235679 0.0406371 0.059159 17
2 0.320598 0.271849 0.0495728 0.0618372 34
2 0.219798 0.243935 0.0405686 0.0532659 38
2 0.188277 0.216192 0.0319482 0.0452173 72
2 0.24498 0.221784 0.0266066 0.0384259 74
7 0.318038 0.173072 0.0262633 0.0446434 2
2 0.226785 0.20384 0.0248946 0.0317591 91
7 0.808632 0.321893 0.0718849 0.0824474 97
2 0.131415 0.189928 0.0242053 0.031464 118
2 0.948096 0.35666 0.0670473 0.069546 121
0 0.463281 0.199902 0.00902767 0.0317755 124
