2 0.364805 0.414123 0.102906 0.137336 1
7 0.356103 0.183999 0.0318287 0.0521049 2
2 0.51656 0.389561 0.0945152 0.127627 3
7 0.390693 0.305317 0.0774679 0.107026 4
2 0.266161 0.295377 0.0584486 0.0720496 5
2 0.406257 0.210725 0.0206786 0.0287323 6
2 0.229234 0.258905 0.0452977 0.0594916 7
2 0.531117 0.243618 0.0296977 0.038768 8
7 0.442709 0.218079 0.0249536 0.0352976 9
2 0.25599 0.228411 0.0298168 0.0504034 10
2 0.209737 0.20014 0.0241581 0.0362351 17
2 0.229245 0.213423 0.0255389 0.0347755 34
2 0.44288 0.218415 0.0244339 0.0361476 36
2 0.175347 0.204915 0.025934 0.0332517 38
