2 0.396365 0.200261 0.0193581 0.027032 8
2 0.347991 0.185793 0.0173827 0.0243054 9
2 0.851199 0.59033 0.213348 0.263043 10
2 0.374028 0.287689 0.0664657 0.0964639 17
2 0.506817 0.383859 0.0950883 0.115519 34
2 0.284125 0.297646 0.0628391 0.0832845 38
2 0.224311 0.244983 0.0436426 0.0641989 72
2 0.313057 0.257487 0.0432957 0.0566264 74
2 0.281614 0.233175 0.0389142 0.052118 91
7 0.592928 0.257982 0.042642 0.0534413 97
2 0.158471 0.203346 0.0303662 0.0405196 118
7 0.711445 0.292588 0.0551398 0.0624141 134
2 0.253753 0.2225 0.0292726 0.0408361 184
2 0.0801183 0.158846 0.01636 0.019201 186
7 0.960866 0.353709 0.0769339 0.0795167 190
7 0.146213 0.148694 0.0253392 0.054539 123
