2 0.790843 0.820491 0.298504 0.335176 5
2 0.441438 0.468197 0.132711 0.167674 7
2 0.432902 0.217257 0.0218665 0.0298356 8
2 0.374077 0.199796 0.0184508 0.0283934 9
2 0.421087 0.330148 0.0757312 0.107714 10
2 0.280563 0.242608 0.0421087 0.0604336 17
2 0.332319 0.281358 0.0521322 0.0653833 34
2 0.224066 0.250704 0.0414763 0.054166 38
2 0.190937 0.221515 0.0333823 0.0452029 72
2 0.251056 0.227177 0.0266772 0.0387488 74
7 0.317376 0.174234 0.0296575 0.044924 2
2 0.230459 0.209463 0.0258271 0.0329287 91
7 0.77666 0.313568 0.0685927 0.0793 97
2 0.132937 0.195692 0.0236041 0.029849 118
2 0.912828 0.348376 0.0612684 0.0656343 121
