2 0.626156 0.652235 0.207623 0.24399 5
2 0.355508 0.194664 0.0166453 0.0249057 6
2 0.394215 0.417385 0.11238 0.14328 7
2 0.440731 0.215693 0.0218424 0.0300265 8
2 0.380112 0.198046 0.019533 0.0310866 9
2 0.389988 0.304901 0.0680312 0.0930965 10
2 0.270486 0.231312 0.0397357 0.0573072 17
2 0.314374 0.266617 0.0490855 0.0601438 34
2 0.217421 0.240289 0.0390177 0.0507253 38
2 0.187103 0.21366 0.0318298 0.0440308 72
2 0.242099 0.217955 0.0270597 0.0378245 74
7 0.319361 0.171876 0.0263399 0.0459275 2
2 0.225237 0.200705 0.0233235 0.032214 91
7 0.828731 0.329111 0.0739072 0.0802307 97
2 0.130838 0.188709 0.023416 0.0295536 118
2 0.968276 0.361327 0.0633567 0.0692207 121
7 0.139504 0.149605 0.0188763 0.04676 123
