2 0.520882 0.546766 0.170242 0.211224 7
2 0.424183 0.2121 0.0220689 0.0296506 8
7 0.368139 0.19619 0.018992 0.0276319 9
2 0.468644 0.357101 0.0888153 0.122837 10
2 0.294974 0.248195 0.0458405 0.0677968 17
2 0.357156 0.294002 0.0579425 0.0708866 34
2 0.233721 0.257268 0.044867 0.0591586 38
2 0.195887 0.223693 0.0339191 0.0490748 72
2 0.261349 0.231153 0.0298531 0.0429697 74
7 0.31238 0.171887 0.0250402 0.044117 2
2 0.240121 0.212417 0.0288752 0.0365629 91
7 0.725458 0.29743 0.0593692 0.0731624 97
2 0.137896 0.195347 0.0263657 0.0312754 118
2 0.854674 0.331432 0.0535632 0.0606445 121
7 0.941741 0.3615 0.0867609 0.0846728 134
7 0.140912 0.150693 0.022229 0.0527041 123
0 0.46333 0.200868 0.00802606 0.0327658 139
2 0.34556 0.192934 0.0156905 0.0230271 6
