2 0.293757 0.338084 0.0718654 0.0980006 1
7 0.369319 0.188736 0.0363303 0.0541835 2
2 0.397103 0.316967 0.0654913 0.090379 3
7 0.327647 0.270705 0.0588225 0.0838797 4
2 0.235285 0.269372 0.0481555 0.0591519 5
2 0.427657 0.217893 0.0234036 0.0296005 6
2 0.207356 0.241697 0.0359995 0.0512441 7
2 0.571791 0.256256 0.0328042 0.0435757 8
7 0.468791 0.22734 0.0270566 0.0382246 9
2 0.235475 0.217432 0.0283872 0.0422273 10
2 0.322927 0.193711 0.016433 0.0229286 13
2 0.197477 0.194603 0.0226823 0.0328941 17
