2 0.392626 0.200335 0.0194733 0.0269466 8
2 0.926112 0.67098 0.147775 0.3045 10
2 0.390451 0.299027 0.0709125 0.103025 17
2 0.545112 0.409775 0.105278 0.128057 34
2 0.295028 0.308514 0.0663789 0.0882385 38
2 0.230327 0.250984 0.045217 0.0674118 72
2 0.322123 0.265534 0.0479322 0.0614595 74
2 0.289711 0.240676 0.0409573 0.0558245 91
7 0.578007 0.25364 0.0412347 0.0540485 97
2 0.162949 0.206916 0.0320363 0.040529 118
7 0.688301 0.286983 0.0502988 0.0594532 134
2 0.260583 0.226789 0.0305231 0.0400711 184
2 0.0836977 0.159736 0.0181672 0.019852 186
7 0.92392 0.344548 0.0728184 0.0755337 190
7 0.14592 0.144296 0.0235785 0.0459911 123
2 0.240023 0.213008 0.0247515 0.0348919 205
