2 0.696596 0.755143 0.267531 0.322602 1
2 0.963526 0.707604 0.0729477 0.25865 3
7 0.585675 0.42185 0.137866 0.183831 4
2 0.347289 0.374247 0.0875605 0.108338 5
2 0.380131 0.204168 0.019536 0.0273268 6
2 0.276613 0.303062 0.0639917 0.0833073 7
2 0.483493 0.22969 0.0249608 0.0351362 8
2 0.409817 0.208118 0.0223934 0.0326468 9
2 0.297772 0.255672 0.0446208 0.0666405 10
2 0.23446 0.210981 0.0315962 0.0436354 17
2 0.259785 0.233355 0.0339628 0.0425824 34
2 0.191684 0.218857 0.0318528 0.038991 38
0 0.464023 0.201095 0.00783593 0.0318104 42
2 0.170185 0.199275 0.0231393 0.0354818 72
2 0.211956 0.20347 0.0207259 0.0283045 74
7 0.337166 0.178705 0.0306113 0.0486831 2
