2 0.362659 0.192432 0.0164776 0.0237175 8
2 0.687416 0.477118 0.158274 0.219469 17
2 0.470426 0.484387 0.139491 0.175496 38
2 0.304334 0.313509 0.0704331 0.105261 72
2 0.459752 0.349779 0.0821028 0.0984552 74
2 0.393502 0.301507 0.0717777 0.0967958 91
2 0.204944 0.236518 0.0404979 0.0514406 118
2 0.315672 0.266395 0.0482044 0.0642261 184
7 0.702102 0.284894 0.0467663 0.0553413 190
7 0.152975 0.155145 0.0291521 0.0682973 123
2 0.280385 0.239886 0.0399488 0.048508 205
7 0.482892 0.227375 0.0324659 0.0420529 97
2 0.157202 0.19229 0.0244306 0.0325183 216
2 0.196983 0.18305 0.0228471 0.0300771 235
2 0.57627 0.250681 0.025513 0.0364647 242
2 0.545878 0.246647 0.0361573 0.0454176 134
