2 0.367182 0.195809 0.0171844 0.0242032 8
2 0.616696 0.436969 0.134298 0.191459 17
2 0.431007 0.445385 0.121417 0.155619 38
2 0.2909 0.303165 0.065916 0.0983342 72
2 0.432875 0.334735 0.0761879 0.090824 74
2 0.374063 0.292148 0.06636 0.0904337 91
2 0.197934 0.23454 0.0398565 0.0504514 118
2 0.307614 0.261887 0.0424124 0.0603553 184
7 0.724242 0.292366 0.0491266 0.0577753 190
7 0.151881 0.15446 0.0270727 0.062471 123
2 0.272993 0.237397 0.0382407 0.0460821 205
2 0.49295 0.233032 0.0331518 0.0437211 97
2 0.153535 0.191929 0.02486 0.0314481 216
2 0.19509 0.183952 0.0211012 0.029669 235
2 0.560102 0.252951 0.0360261 0.0461205 231
2 0.589049 0.25577 0.0254723 0.0382554 242
