2 0.60273 0.661415 0.217331 0.265978 1
7 0.338636 0.179976 0.0322058 0.0492611 2
2 0.898531 0.633713 0.202939 0.256804 3
7 0.541671 0.395686 0.123176 0.166339 4
2 0.331077 0.357789 0.0807754 0.101191 5
2 0.383267 0.204088 0.0195083 0.0264101 6
2 0.267046 0.293977 0.0600101 0.0776475 7
2 0.48967 0.231674 0.0267376 0.0355855 8
2 0.41403 0.209064 0.0232405 0.0323229 9
2 0.29015 0.249809 0.0412548 0.063317 10
2 0.229446 0.209079 0.0298642 0.0415688 17
2 0.254712 0.229841 0.0331168 0.0424395 34
2 0.189152 0.21602 0.0302169 0.0390029 38
0 0.46326 0.20242 0.00779184 0.0320454 42
2 0.168412 0.19763 0.0220949 0.0360788 72
