2 0.582848 0.608501 0.18727 0.222205 5
2 0.357072 0.19415 0.0168858 0.0239719 6
2 0.379336 0.402905 0.105797 0.136716 7
2 0.443289 0.216933 0.0217808 0.0307126 8
2 0.38167 0.198058 0.0195055 0.0310554 9
2 0.379734 0.300324 0.0655609 0.0914084 10
2 0.265966 0.22858 0.038225 0.0573492 17
2 0.308489 0.263237 0.0475179 0.057365 34
2 0.214143 0.236973 0.0393876 0.0499624 38
2 0.184257 0.21129 0.0292578 0.0421422 72
2 0.239793 0.216323 0.0257517 0.0364429 74
7 0.3206 0.171982 0.0267132 0.046831 2
2 0.222444 0.199704 0.0239134 0.029695 91
7 0.850231 0.335103 0.0779106 0.0821601 97
2 0.130807 0.186463 0.0244329 0.0306517 118
2 0.97948 0.36556 0.0400192 0.0687097 121
7 0.138276 0.149653 0.0204645 0.0488298 123
