2 0.859173 0.865817 0.281654 0.259998 5
2 0.466896 0.494747 0.144658 0.181426 7
2 0.429789 0.216588 0.0218668 0.0290804 8
2 0.371946 0.199626 0.0187672 0.0274363 9
2 0.437402 0.340412 0.0799397 0.111453 10
2 0.286487 0.245515 0.0444255 0.063856 17
2 0.340529 0.286917 0.0537779 0.0665322 34
2 0.227342 0.254495 0.0434873 0.0560437 38
2 0.192591 0.223327 0.0330359 0.0478122 72
2 0.254601 0.229544 0.0274389 0.0399407 74
7 0.313798 0.174783 0.0259985 0.0431391 2
2 0.23385 0.211896 0.0274805 0.0335198 91
7 0.75705 0.309184 0.0649218 0.0756172 97
2 0.135249 0.197043 0.0245245 0.0290305 118
2 0.890723 0.342955 0.0583802 0.0640363 121
7 0.977184 0.375756 0.0441722 0.0825102 134
7 0.13961 0.153591 0.0205149 0.0485972 123
