2 0.286487 0.329567 0.0696932 0.0941651 1
7 0.371498 0.189526 0.0364116 0.0548549 2
2 0.384211 0.309496 0.0631396 0.0863033 3
7 0.319111 0.265894 0.055055 0.0806059 4
2 0.231138 0.265387 0.0459621 0.0572486 5
2 0.431388 0.22009 0.0234224 0.0309217 6
2 0.205693 0.239467 0.0354925 0.0482197 7
2 0.578082 0.259486 0.0338931 0.0453742 8
7 0.47341 0.22735 0.0278411 0.0388229 9
2 0.232224 0.215437 0.0265226 0.0397426 10
2 0.324178 0.194065 0.0157112 0.0229533 13
2 0.196301 0.194401 0.0220442 0.0314797 17
