2 0.388292 0.200346 0.0187449 0.0270938 8
2 0.414025 0.314885 0.0767554 0.112516 17
2 0.601143 0.446772 0.121572 0.143054 34
2 0.309647 0.32504 0.0728091 0.0955334 38
2 0.23788 0.26063 0.0479345 0.069781 72
2 0.335964 0.277462 0.0505363 0.0671975 74
2 0.300268 0.249979 0.0454232 0.063219 91
7 0.560935 0.251031 0.0395571 0.0534535 97
2 0.168137 0.213193 0.0326431 0.0405222 118
7 0.661876 0.280774 0.0483139 0.0575533 134
2 0.266714 0.233367 0.0324352 0.0437934 184
2 0.0881989 0.162546 0.0169847 0.0205468 186
7 0.880774 0.334589 0.067738 0.0726118 190
7 0.146975 0.151504 0.0252014 0.0544674 123
2 0.244021 0.214332 0.0270621 0.0329083 205
2 0.662407 0.280938 0.0485787 0.057191 206
2 0.561182 0.251143 0.039217 0.0534644 207
