2 0.658983 0.686926 0.224744 0.263972 5
2 0.354245 0.194593 0.0167546 0.0234902 6
2 0.40479 0.428781 0.116348 0.149352 7
2 0.438997 0.215384 0.0225894 0.0304419 8
2 0.378624 0.198403 0.0200389 0.0298568 9
2 0.397424 0.310285 0.0696855 0.0957971 10
2 0.272858 0.23403 0.0399149 0.0585964 17
2 0.318981 0.270006 0.0480563 0.0605465 34
2 0.219118 0.24222 0.0398247 0.0526198 38
2 0.188023 0.215187 0.0321345 0.0446699 72
2 0.244018 0.220877 0.0273374 0.0380106 74
7 0.318674 0.172133 0.0257702 0.0458197 2
2 0.225949 0.203117 0.0251798 0.0316997 91
7 0.815381 0.321945 0.0727774 0.0856899 97
2 0.131132 0.189467 0.0233261 0.0310416 118
2 0.955828 0.358183 0.0672752 0.0695795 121
0 0.463301 0.199601 0.00781317 0.0316634 124
