2 0.379783 0.196248 0.0191579 0.0244321 8
2 0.470747 0.347404 0.0921107 0.133512 17
2 0.756847 0.543659 0.171204 0.191366 34
2 0.344779 0.357691 0.0859575 0.111804 38
2 0.254672 0.27052 0.0537294 0.0803268 72
2 0.3664 0.292188 0.0584823 0.0734034 74
2 0.324197 0.261639 0.0520357 0.0731059 91
2 0.178628 0.217433 0.035436 0.0455453 118
2 0.623191 0.265967 0.0534051 0.0524557 134
2 0.282615 0.241781 0.0368553 0.0507924 184
2 0.0962904 0.161701 0.0172527 0.0179166 186
7 0.811121 0.313088 0.0589137 0.0665667 190
7 0.149618 0.151636 0.0276026 0.0613491 123
2 0.253972 0.220844 0.0323459 0.0374046 205
7 0.531983 0.240816 0.0360943 0.0507987 97
2 0.14237 0.185532 0.0210585 0.0265972 216
7 0.623628 0.266101 0.0533192 0.0526551 222
