2 0.360105 0.190375 0.0162732 0.022666 8
2 0.770144 0.526105 0.188367 0.252015 17
2 0.516063 0.527842 0.160584 0.200491 38
2 0.31827 0.32681 0.0743965 0.108769 72
2 0.488061 0.365028 0.0898036 0.105124 74
2 0.413037 0.312325 0.0768056 0.104695 91
2 0.211305 0.239853 0.0434152 0.0544648 118
2 0.325582 0.270605 0.0522235 0.0670457 184
7 0.683222 0.278386 0.0452038 0.0533872 190
7 0.154193 0.154833 0.0299564 0.0671925 123
2 0.286927 0.243317 0.0412688 0.0513512 205
7 0.474173 0.222439 0.0310679 0.0433762 97
2 0.160571 0.190764 0.025475 0.0365068 216
2 0.19891 0.183238 0.0216044 0.0313828 235
2 0.563769 0.245932 0.0270452 0.0363629 242
2 0.53301 0.241502 0.0343617 0.0431979 134
2 0.180301 0.174587 0.0191089 0.0281866 260
