2 0.354053 0.191075 0.0164201 0.0235448 8
7 0.943166 0.6824 0.113668 0.348872 17
2 0.653416 0.668173 0.228804 0.274103 38
2 0.351929 0.359303 0.0879638 0.127166 72
2 0.55818 0.414129 0.110165 0.128135 74
2 0.461449 0.34486 0.0903808 0.123549 91
2 0.224349 0.251821 0.046702 0.0596852 118
2 0.348725 0.278737 0.0566056 0.054293 184
7 0.648344 0.270902 0.0416035 0.0502137 190
7 0.155256 0.158012 0.0294007 0.0706562 123
2 0.301738 0.254477 0.0461467 0.0555598 205
7 0.45689 0.218525 0.0283253 0.0417706 97
2 0.168848 0.198543 0.0267124 0.0351458 216
2 0.202941 0.188171 0.0228347 0.0336116 235
2 0.542844 0.241909 0.0281148 0.0358149 242
2 0.509212 0.237404 0.0326481 0.0420066 134
2 0.1816 0.175528 0.0204467 0.0265523 260
2 0.648773 0.271213 0.0409378 0.0501304 271
