2 0.369316 0.196896 0.0171761 0.0233554 8
2 0.575252 0.412604 0.121905 0.174038 17
2 0.406776 0.421617 0.111019 0.143301 38
2 0.281652 0.296385 0.06325 0.092717 72
2 0.415196 0.324635 0.0713566 0.0871314 74
2 0.360602 0.285995 0.0619878 0.0854213 91
2 0.193522 0.230963 0.038698 0.0491682 118
2 0.301983 0.257045 0.0397367 0.0567416 184
7 0.741696 0.29832 0.0509226 0.0601718 190
7 0.150762 0.153321 0.0264518 0.0576004 123
2 0.268136 0.234457 0.0358343 0.0436374 205
7 0.50074 0.235677 0.0338279 0.0457072 97
2 0.150256 0.192077 0.0237476 0.0299025 216
2 0.193781 0.183376 0.0204035 0.0291278 235
7 0.582418 0.256935 0.0592983 0.047928 134
