2 0.668022 0.69616 0.229633 0.268843 5
2 0.353944 0.194434 0.0170398 0.0230773 6
2 0.407362 0.431775 0.117759 0.151116 7
2 0.438393 0.215793 0.0221346 0.0300515 8
2 0.378328 0.198487 0.0204903 0.0298346 9
2 0.399209 0.311482 0.0702485 0.097368 10
2 0.273718 0.234725 0.0404476 0.0591825 17
2 0.319822 0.270851 0.0486075 0.0610001 34
2 0.219161 0.24288 0.0396239 0.0532659 38
2 0.18803 0.215656 0.0323778 0.0445793 72
2 0.244642 0.221525 0.0266308 0.0386488 74
7 0.31841 0.172373 0.0257531 0.0451385 2
2 0.226475 0.203296 0.0246147 0.0314128 91
7 0.812236 0.322272 0.0723141 0.0832091 97
2 0.131242 0.189454 0.0234059 0.031682 118
2 0.952477 0.35739 0.0671871 0.0692508 121
0 0.463318 0.19975 0.00781323 0.0313452 124
