2 0.349918 0.1907 0.0164155 0.0228194 8
2 0.792636 0.806561 0.309806 0.353389 38
2 0.376502 0.380974 0.0975939 0.145441 72
2 0.615136 0.451082 0.126807 0.147058 74
2 0.49853 0.368564 0.101299 0.138077 91
2 0.234207 0.260106 0.0489736 0.0628354 118
2 0.365022 0.292478 0.0619246 0.0671943 184
7 0.629934 0.265294 0.0384387 0.0492161 190
7 0.156484 0.159022 0.0297762 0.0722684 123
2 0.311972 0.26125 0.0484399 0.0594052 205
2 0.447644 0.217278 0.0275686 0.0392587 97
2 0.173932 0.203266 0.0269604 0.0360363 216
2 0.205624 0.190521 0.023193 0.0333828 235
2 0.531432 0.239033 0.0265269 0.0340558 242
2 0.49673 0.233817 0.032232 0.039755 134
2 0.183793 0.178828 0.0195652 0.0266386 260
2 0.0694557 0.156256 0.0203323 0.0249416 276
