7 0.752642 0.52346 0.201634 0.249768 4
2 0.403928 0.430391 0.109848 0.134388 5
2 0.370692 0.199632 0.0179619 0.0256491 6
2 0.305309 0.331294 0.0757143 0.0999218 7
2 0.467182 0.224541 0.0246422 0.0325214 8
2 0.398538 0.204967 0.0211096 0.03079 9
2 0.322609 0.269012 0.0501794 0.0728475 10
2 0.244497 0.215888 0.0343353 0.0504207 17
2 0.275198 0.242586 0.0377431 0.04874 34
2 0.19895 0.22491 0.0338755 0.0437352 38
2 0.174806 0.204382 0.0251771 0.0390134 72
2 0.220305 0.208947 0.0199487 0.0283775 74
7 0.330822 0.176055 0.0290741 0.04735 2
2 0.20157 0.193035 0.0296547 0.0287348 91
