2 0.845319 0.859177 0.309362 0.268677 1
7 0.657036 0.464645 0.163624 0.212837 4
2 0.372475 0.398554 0.0965736 0.119389 5
2 0.375332 0.20144 0.0186363 0.0250196 6
2 0.290078 0.316683 0.0693486 0.0915208 7
2 0.475075 0.226054 0.0245943 0.0353823 8
7 0.40408 0.20648 0.0218352 0.0310447 9
2 0.309431 0.261292 0.0480555 0.0678063 10
2 0.239373 0.213642 0.0322263 0.0468505 17
2 0.267161 0.237155 0.0350416 0.0459096 34
2 0.195602 0.221245 0.0330683 0.0421064 38
2 0.172336 0.201138 0.0241826 0.0382716 72
2 0.216969 0.205335 0.020064 0.0281145 74
7 0.334441 0.178135 0.0291344 0.0497466 2
