2 0.887094 0.89302 0.225813 0.200521 5
2 0.483534 0.510394 0.152084 0.190795 7
2 0.428021 0.215293 0.022248 0.0290572 8
2 0.370667 0.199499 0.0194395 0.0283695 9
2 0.446964 0.346286 0.0830324 0.115905 10
2 0.289177 0.246789 0.0447287 0.0656064 17
2 0.346299 0.290131 0.0547701 0.0669198 34
2 0.229556 0.255931 0.0432288 0.0567919 38
2 0.193565 0.224105 0.033516 0.0470186 72
2 0.257308 0.23071 0.0286317 0.0415456 74
7 0.313496 0.17433 0.0249414 0.0430845 2
2 0.236467 0.212949 0.0275924 0.0346886 91
7 0.745905 0.30388 0.0635508 0.0775461 97
2 0.136156 0.197056 0.0259064 0.0297371 118
2 0.878001 0.338766 0.0587938 0.0642125 121
7 0.967301 0.37031 0.0645522 0.0837566 134
7 0.140101 0.150042 0.0207423 0.0433333 123
