2 0.931269 0.940196 0.137463 0.114218 5
2 0.506471 0.532172 0.162955 0.202422 7
2 0.425659 0.213492 0.0220645 0.0292465 8
2 0.369346 0.197445 0.018836 0.0278093 9
2 0.460565 0.352763 0.0870704 0.120332 10
2 0.293196 0.247558 0.0455641 0.066557 17
2 0.353422 0.292298 0.0569723 0.0698673 34
2 0.232577 0.256459 0.0444192 0.0578281 38
2 0.195009 0.223967 0.0351073 0.0484303 72
2 0.259404 0.23037 0.030428 0.0425584 74
7 0.312624 0.173007 0.0252972 0.0431098 2
2 0.238363 0.213197 0.0282444 0.0354928 91
7 0.733086 0.30032 0.0616856 0.0737785 97
2 0.137285 0.195623 0.025403 0.0306507 118
2 0.863745 0.333726 0.0561552 0.0620028 121
7 0.954958 0.366332 0.0853013 0.0859567 134
7 0.141003 0.151046 0.0214431 0.0506651 123
0 0.463209 0.200302 0.00781126 0.030806 139
2 0.346287 0.194435 0.0164035 0.023596 6
