2 0.413763 0.466453 0.124764 0.162926 1
7 0.350017 0.182501 0.0325813 0.0503968 2
2 0.598123 0.438988 0.11697 0.152818 3
7 0.42873 0.327421 0.0881386 0.121977 4
2 0.283383 0.310068 0.0649187 0.0832356 5
2 0.398312 0.20887 0.0198343 0.0270328 6
2 0.239918 0.268061 0.048915 0.0642294 7
2 0.516296 0.239931 0.0281683 0.0365685 8
2 0.433147 0.214223 0.024367 0.0346259 9
2 0.266376 0.23412 0.032879 0.0530635 10
2 0.214908 0.201709 0.0261666 0.0379704 17
2 0.237498 0.218975 0.029689 0.0368303 34
2 0.179065 0.208095 0.0270092 0.0339972 38
0 0.463682 0.201725 0.006213 0.0311923 42
