2 0.314032 0.358686 0.080675 0.108855 1
7 0.364339 0.187541 0.0345998 0.0535985 2
2 0.430429 0.336553 0.074115 0.100697 3
7 0.346242 0.280519 0.0635291 0.0900404 4
2 0.244384 0.276658 0.0503848 0.0643405 5
2 0.41991 0.215758 0.0218479 0.028734 6
2 0.214508 0.247219 0.0379816 0.0538688 7
2 0.556059 0.252179 0.0325905 0.0423386 8
7 0.459221 0.222682 0.0265354 0.0364626 9
2 0.241545 0.220122 0.0297363 0.0460416 10
2 0.318404 0.191287 0.0147968 0.0221382 13
2 0.200998 0.196074 0.022322 0.0319736 17
