2 0.410672 0.463329 0.123218 0.162242 1
7 0.35034 0.182649 0.032181 0.0505423 2
2 0.593285 0.435885 0.115416 0.150292 3
7 0.426407 0.325466 0.0873113 0.121115 4
2 0.28245 0.310287 0.0640097 0.080606 5
2 0.398489 0.208675 0.0205204 0.0270324 6
2 0.239477 0.267631 0.0495272 0.0633486 7
2 0.516885 0.240105 0.0283591 0.036292 8
2 0.433541 0.214391 0.024649 0.0351217 9
2 0.26579 0.234004 0.0328539 0.0533821 10
2 0.214003 0.201577 0.0253206 0.0374557 17
2 0.236718 0.218508 0.0294616 0.0373945 34
2 0.178813 0.207811 0.0270596 0.0340839 38
0 0.463703 0.202357 0.00620979 0.0323279 42
