2 0.398019 0.200655 0.0194439 0.0270177 8
2 0.349133 0.186192 0.0179363 0.0253612 9
2 0.808129 0.563806 0.196746 0.24672 10
2 0.36675 0.284368 0.0638934 0.0934019 17
2 0.493042 0.375235 0.0914385 0.112693 34
2 0.280224 0.294916 0.0615201 0.0809258 38
2 0.222668 0.243406 0.0430528 0.0625839 72
2 0.308576 0.256025 0.0429361 0.0551021 74
2 0.278389 0.231277 0.0382326 0.0497571 91
7 0.599242 0.259908 0.043916 0.0548824 97
2 0.156687 0.202161 0.0291177 0.0392716 118
7 0.720658 0.294701 0.0592755 0.0646171 134
2 0.252246 0.221801 0.028266 0.0394844 184
2 0.0786021 0.158919 0.0156135 0.0188128 186
7 0.968793 0.355917 0.0621279 0.0760188 190
