2 0.356156 0.191324 0.0164346 0.0243315 8
2 0.898359 0.614985 0.203283 0.306127 17
2 0.59604 0.609077 0.198378 0.240731 38
2 0.33889 0.346814 0.0827686 0.12031 72
2 0.530944 0.394938 0.10138 0.11979 74
2 0.442912 0.33266 0.085579 0.116623 91
2 0.219654 0.247415 0.0446548 0.0572989 118
2 0.338856 0.275594 0.0573585 0.0566048 184
7 0.659859 0.272828 0.0429212 0.0522599 190
7 0.154645 0.156118 0.0287647 0.0692833 123
2 0.296185 0.250161 0.0446225 0.0529488 205
7 0.462811 0.219459 0.0287383 0.0433805 97
2 0.165957 0.196359 0.0259991 0.0353119 216
2 0.201572 0.18578 0.0229256 0.0339396 235
2 0.54973 0.243323 0.0284953 0.0359872 242
2 0.517318 0.238597 0.0326088 0.04237 134
2 0.181576 0.176916 0.0180707 0.0263463 260
