2 0.319355 0.36396 0.0833851 0.112373 1
7 0.363254 0.187141 0.0340084 0.0530417 2
2 0.439757 0.342413 0.0759397 0.102592 3
7 0.352028 0.283062 0.0662414 0.0916024 4
2 0.247002 0.280436 0.0515954 0.0630248 5
2 0.418042 0.214744 0.0218088 0.0288556 6
2 0.216942 0.248048 0.0396101 0.0542768 7
2 0.552815 0.250502 0.0319073 0.0414758 8
7 0.456923 0.221822 0.0260201 0.037136 9
2 0.243278 0.220906 0.0299952 0.045848 10
2 0.317428 0.19081 0.0144589 0.0219079 13
2 0.20195 0.196173 0.0225365 0.0332827 17
