2 0.423231 0.476261 0.129658 0.170286 1
7 0.349035 0.182608 0.0338358 0.0506022 2
2 0.613976 0.449244 0.12066 0.158341 3
7 0.435366 0.331893 0.0905704 0.124702 4
2 0.287011 0.313751 0.0664105 0.0827304 5
2 0.39717 0.208588 0.0200746 0.027666 6
2 0.241536 0.270492 0.0503514 0.0643252 7
2 0.514174 0.23944 0.0280862 0.0364966 8
2 0.431295 0.21377 0.0237672 0.0340449 9
2 0.267736 0.235197 0.0327511 0.054991 10
2 0.216745 0.201964 0.0255167 0.037832 17
2 0.238626 0.220232 0.0300568 0.0368827 34
2 0.180363 0.210603 0.0268497 0.0326585 38
0 0.463825 0.202452 0.00622619 0.0314182 42
