2 0.913119 0.920111 0.173761 0.150322 5
2 0.496915 0.523314 0.15833 0.197274 7
2 0.427003 0.214357 0.0232703 0.0297869 8
2 0.369658 0.198641 0.0195154 0.028939 9
2 0.455162 0.350047 0.0846313 0.11843 10
2 0.291788 0.247331 0.0442353 0.0660113 17
2 0.350709 0.291963 0.0561418 0.0696774 34
2 0.230794 0.256335 0.0438007 0.0570925 38
2 0.194572 0.223904 0.0346102 0.0478728 72
2 0.258705 0.230369 0.029994 0.0424856 74
7 0.312988 0.173753 0.0256418 0.0436546 2
2 0.237506 0.213449 0.0286066 0.0354087 91
7 0.738365 0.303415 0.061327 0.0726955 97
2 0.136951 0.196194 0.0252655 0.0309973 118
2 0.869399 0.335755 0.0562602 0.0629809 121
7 0.960315 0.36869 0.0780152 0.0871292 134
7 0.14083 0.14982 0.0207879 0.0460438 123
0 0.46335 0.201585 0.00781132 0.0316186 139
