2 0.872395 0.878621 0.25521 0.23142 5
2 0.475447 0.502349 0.148775 0.185612 7
2 0.428773 0.216039 0.0208419 0.0284996 8
2 0.371342 0.199591 0.018733 0.0276972 9
2 0.44208 0.343398 0.0823113 0.113868 10
2 0.288188 0.246047 0.0446293 0.0651952 17
2 0.343505 0.28835 0.0544989 0.066668 34
2 0.228502 0.25495 0.0431071 0.0567689 38
2 0.192943 0.224035 0.0334458 0.0470158 72
2 0.256006 0.230585 0.0277865 0.0416074 74
7 0.313532 0.174716 0.0252281 0.0430081 2
2 0.235588 0.212536 0.0267541 0.0340021 91
7 0.751521 0.306299 0.0629386 0.0771968 97
2 0.135851 0.197668 0.0250129 0.0289399 118
2 0.884346 0.341034 0.0578293 0.063811 121
7 0.971986 0.37302 0.0540536 0.0832978 134
7 0.13966 0.153549 0.020724 0.0500531 123
