2 0.392775 0.200086 0.0193614 0.027323 8
2 0.920021 0.661141 0.159957 0.298654 10
2 0.388636 0.297825 0.0708397 0.101554 17
2 0.54087 0.406529 0.103949 0.126176 34
2 0.293957 0.307551 0.0659842 0.0877914 38
2 0.229321 0.250723 0.0448864 0.06712 72
2 0.321428 0.26504 0.0466431 0.0604052 74
2 0.288813 0.240509 0.040686 0.0572036 91
7 0.578888 0.253729 0.0410905 0.0544469 97
2 0.162123 0.206653 0.0318477 0.0402455 118
7 0.690207 0.286871 0.0513217 0.0592198 134
2 0.259833 0.225649 0.0297296 0.0396938 184
2 0.0832092 0.159185 0.0180102 0.0192668 186
7 0.927197 0.345134 0.0734664 0.076508 190
7 0.145762 0.144139 0.0231658 0.045474 123
2 0.23901 0.212333 0.0250112 0.0360282 205
