2 0.372647 0.196407 0.0173392 0.0243307 8
2 0.535536 0.387789 0.11063 0.158668 17
2 0.925998 0.684512 0.148003 0.254429 34
2 0.383901 0.397077 0.100809 0.130961 38
2 0.272257 0.288031 0.0593447 0.0861256 72
2 0.397503 0.31136 0.0677028 0.0809789 74
2 0.347516 0.277037 0.0571298 0.0795689 91
2 0.189632 0.224228 0.03762 0.0504534 118
2 0.295645 0.251704 0.0366964 0.0546433 184
7 0.762362 0.302807 0.0531949 0.0609465 190
7 0.150433 0.154569 0.0284166 0.0615813 123
2 0.263671 0.231343 0.0347847 0.0460359 205
7 0.510833 0.236572 0.0343136 0.0471242 97
2 0.147542 0.188476 0.0229051 0.0303809 216
2 0.192094 0.181329 0.0209419 0.0292258 235
2 0.585095 0.259287 0.0373826 0.0476111 231
