2 0.344484 0.185681 0.0163145 0.0221942 8
2 0.430192 0.429199 0.118517 0.179616 72
2 0.747868 0.536468 0.172271 0.187774 74
2 0.578509 0.415746 0.124612 0.169189 91
2 0.251773 0.270213 0.0536978 0.0690033 118
2 0.397573 0.312322 0.0697496 0.0804063 184
7 0.601091 0.254973 0.036611 0.0461007 190
7 0.159679 0.158265 0.0332313 0.0744874 123
2 0.330811 0.27203 0.052379 0.0654409 205
7 0.432825 0.209381 0.0265755 0.0398033 97
2 0.184322 0.205046 0.0298425 0.038025 216
2 0.210563 0.189909 0.0250607 0.0367099 235
2 0.5135 0.231536 0.0259707 0.0327577 242
2 0.476828 0.225797 0.0294642 0.0359345 134
2 0.187215 0.176821 0.0211138 0.0269334 260
2 0.0781743 0.154735 0.0182171 0.0240951 276
