2 0.394704 0.445569 0.118393 0.152959 1
7 0.35222 0.183029 0.0322921 0.0509084 2
2 0.565173 0.418318 0.107608 0.140787 3
7 0.413261 0.318353 0.0831034 0.117289 4
2 0.276869 0.305957 0.0625311 0.0770041 5
2 0.40087 0.209299 0.0209423 0.0275158 6
2 0.236036 0.265179 0.0481746 0.0623719 7
2 0.521885 0.241426 0.0294094 0.0386849 8
2 0.436574 0.215709 0.0248602 0.0348914 9
2 0.262028 0.231747 0.0316489 0.0518916 10
2 0.212036 0.200767 0.0245659 0.0374723 17
2 0.234247 0.217171 0.0279773 0.0363568 34
2 0.177988 0.20646 0.0265601 0.0358183 38
0 0.46371 0.2024 0.00694472 0.0319129 42
