2 0.345234 0.185419 0.0159658 0.0222185 8
3 0.948744 0.946412 0.102513 0.102683 38
2 0.420581 0.421334 0.11485 0.172251 72
2 0.723632 0.520369 0.163479 0.179724 74
2 0.564487 0.407333 0.120527 0.163283 91
2 0.248882 0.268652 0.0531929 0.0671473 118
2 0.391738 0.308351 0.0679429 0.0787699 184
7 0.60535 0.256315 0.0374563 0.0470677 190
7 0.159129 0.158058 0.0334011 0.0741626 123
2 0.327804 0.269811 0.0519368 0.0653993 205
7 0.435219 0.210221 0.0276991 0.038833 97
2 0.182786 0.204593 0.0303772 0.0372987 216
2 0.209999 0.18964 0.0234389 0.036171 235
2 0.515846 0.231988 0.0259025 0.0339839 242
2 0.47959 0.227288 0.0296525 0.0373919 134
2 0.187508 0.177338 0.0189907 0.0262658 260
2 0.0767366 0.155152 0.0189987 0.0239173 276
2 0.60534 0.256385 0.0368738 0.0472168 286
