2 0.370374 0.197111 0.0171734 0.0239598 8
2 0.5613 0.404073 0.118418 0.16966 17
2 0.968625 0.722197 0.0608962 0.221072 34
2 0.399252 0.413622 0.108277 0.138608 38
2 0.278361 0.293327 0.0613963 0.0923214 72
2 0.409022 0.320641 0.0700537 0.0855962 74
2 0.356034 0.283246 0.0605737 0.0843297 91
2 0.19231 0.229564 0.0390091 0.0488425 118
2 0.299633 0.255593 0.0372354 0.0545947 184
7 0.748453 0.299651 0.0515202 0.0596134 190
7 0.150908 0.153959 0.0265667 0.0590512 123
2 0.26648 0.233053 0.0348872 0.0440576 205
2 0.503605 0.235934 0.0344432 0.0464233 97
2 0.149384 0.191539 0.0232639 0.0290543 216
2 0.192647 0.183072 0.0208888 0.0285538 235
2 0.575933 0.258601 0.0375376 0.046761 231
2 0.603084 0.260248 0.0250586 0.040048 242
