2 0.374213 0.195834 0.0175186 0.0245569 8
2 0.516249 0.375198 0.104515 0.151209 17
2 0.897096 0.641204 0.205808 0.239448 34
2 0.372333 0.3855 0.096821 0.124712 38
2 0.267617 0.28286 0.0575296 0.0842049 72
2 0.388368 0.304317 0.0660257 0.0784814 74
2 0.340657 0.2733 0.0553367 0.0784508 91
2 0.186848 0.222998 0.0367085 0.0470007 118
2 0.292586 0.247933 0.0362452 0.0530142 184
7 0.774194 0.305032 0.0548779 0.0617176 190
7 0.149635 0.149792 0.0274261 0.0543285 123
2 0.260672 0.229015 0.0345409 0.0474199 205
7 0.515611 0.237381 0.0351313 0.0475414 97
2 0.146422 0.186747 0.0218458 0.0287123 216
2 0.601574 0.261151 0.0563092 0.0486162 134
2 0.593181 0.260979 0.0395273 0.0483206 231
