2 0.528135 0.586445 0.180773 0.225601 1
7 0.342961 0.180654 0.0297792 0.0510472 2
2 0.78536 0.556634 0.175469 0.215473 3
7 0.502031 0.371708 0.110787 0.150774 4
2 0.315196 0.34275 0.0756951 0.0934697 5
2 0.387256 0.205981 0.0198447 0.0270657 6
2 0.25854 0.284828 0.0567862 0.071931 7
2 0.496833 0.234339 0.0268696 0.0356394 8
2 0.419605 0.210332 0.0234244 0.0321369 9
2 0.282752 0.245417 0.0385709 0.0595358 10
2 0.224943 0.206886 0.0265256 0.0403721 17
2 0.249007 0.227225 0.0320517 0.0404536 34
2 0.185972 0.212691 0.0289404 0.0384323 38
0 0.463279 0.202652 0.00625095 0.0316807 42
