2 0.448123 0.503314 0.141213 0.181906 1
7 0.346609 0.181787 0.0343014 0.0508491 2
2 0.654858 0.474562 0.132731 0.17152 3
7 0.451463 0.342385 0.0938298 0.131531 4
2 0.2941 0.322518 0.0678214 0.0845019 5
2 0.394205 0.206711 0.019592 0.0276135 6
2 0.246392 0.274573 0.052322 0.0665561 7
2 0.508842 0.237329 0.0281011 0.0370805 8
2 0.427982 0.21292 0.0239371 0.0328892 9
2 0.271929 0.238459 0.0352337 0.0551573 10
2 0.221338 0.203569 0.0300508 0.0387673 17
2 0.240665 0.221047 0.0294679 0.03893 34
2 0.182186 0.209868 0.0290106 0.0366442 38
0 0.463404 0.201761 0.00653607 0.029851 42
