2 0.925264 0.943093 0.149471 0.109047 1
7 0.728079 0.508252 0.191298 0.240204 4
2 0.3958 0.422326 0.10618 0.129624 5
2 0.371591 0.200023 0.0187471 0.0256394 6
2 0.301513 0.327495 0.0734594 0.0974854 7
2 0.468827 0.224869 0.0254431 0.0340015 8
2 0.399673 0.205495 0.0218639 0.0316427 9
2 0.318902 0.266279 0.0495745 0.0717411 10
2 0.24301 0.215655 0.0325864 0.0491524 17
2 0.272617 0.241446 0.0379654 0.047304 34
2 0.198173 0.223862 0.0335091 0.0431854 38
2 0.17361 0.203744 0.0240034 0.0386838 72
2 0.219382 0.207896 0.0214545 0.0308051 74
7 0.331186 0.176496 0.0296197 0.0480405 2
