2 0.341044 0.185837 0.0157089 0.0223346 8
2 0.47855 0.478357 0.140534 0.206085 72
2 0.881664 0.626002 0.228378 0.232183 74
2 0.650424 0.460912 0.147929 0.195842 91
2 0.265365 0.281608 0.0586282 0.0744049 118
2 0.422532 0.33172 0.0753976 0.093036 184
2 0.584289 0.251827 0.0358866 0.045627 190
7 0.160641 0.159836 0.0342725 0.0774579 123
2 0.345994 0.282463 0.0568116 0.0692313 205
2 0.42413 0.208184 0.0255171 0.0388072 97
2 0.191499 0.209827 0.0319344 0.0402084 216
2 0.214548 0.194341 0.0245594 0.038352 235
2 0.502289 0.229946 0.0249814 0.0340246 242
2 0.464755 0.222216 0.0284775 0.0363401 134
2 0.190205 0.178869 0.0216771 0.0290109 260
2 0.083321 0.156101 0.0194826 0.02381 276
2 0.980172 0.360486 0.0395277 0.0740367 289
