2 0.354265 0.191216 0.0164495 0.0234437 8
7 0.936062 0.670627 0.127875 0.341971 17
2 0.644246 0.658965 0.223755 0.268749 38
2 0.349831 0.356876 0.0874248 0.126469 72
2 0.553909 0.410943 0.1091 0.127715 74
2 0.458536 0.343396 0.0892847 0.122541 91
2 0.223588 0.250707 0.046167 0.0593442 118
2 0.347364 0.278038 0.0570452 0.0535404 184
7 0.649884 0.270779 0.0421127 0.0507917 190
7 0.15516 0.157676 0.0291749 0.0702893 123
2 0.301324 0.253817 0.0460257 0.0553874 205
2 0.457486 0.21895 0.0287684 0.0420468 97
2 0.168295 0.19866 0.0268363 0.0346351 216
2 0.202794 0.187783 0.0231365 0.0333824 235
2 0.543668 0.241953 0.0280528 0.0359482 242
2 0.510797 0.237443 0.0324035 0.0414126 134
2 0.18113 0.175721 0.0211738 0.0266616 260
