7 0.852322 0.584653 0.248425 0.291343 4
2 0.432356 0.459341 0.12025 0.149475 5
2 0.367315 0.19908 0.0179992 0.0244527 6
2 0.31862 0.345308 0.080595 0.104104 7
2 0.460984 0.22266 0.023502 0.0344181 8
2 0.394236 0.203678 0.0207464 0.029121 9
2 0.333455 0.275939 0.0541171 0.0769306 10
2 0.24882 0.219705 0.0339291 0.0516617 17
2 0.281725 0.248487 0.0394124 0.0484843 34
2 0.202503 0.228378 0.0342137 0.0449298 38
2 0.176647 0.207029 0.0265538 0.0399181 72
2 0.225238 0.210676 0.0225199 0.0331391 74
7 0.328168 0.176782 0.0286172 0.0482164 2
2 0.203624 0.196798 0.0311653 0.0310604 91
2 0.973045 0.372773 0.0524286 0.093252 97
