7 0.954268 0.688708 0.091464 0.285118 4
2 0.491879 0.518852 0.146717 0.17742 5
2 0.362162 0.197799 0.0172526 0.024799 6
2 0.34476 0.370799 0.0915366 0.119653 7
2 0.452725 0.220815 0.0229747 0.0325502 8
2 0.387733 0.201672 0.020515 0.0312988 9
2 0.353508 0.288107 0.0584401 0.0835093 10
2 0.25685 0.224843 0.035238 0.0535876 17
2 0.294186 0.255755 0.0415079 0.0529639 34
2 0.207591 0.233487 0.0365937 0.0474306 38
2 0.181243 0.209823 0.0299173 0.0414346 72
2 0.230868 0.213833 0.0244972 0.0348574 74
7 0.324178 0.174358 0.028918 0.0447799 2
2 0.215921 0.198291 0.0211497 0.0293652 91
7 0.919708 0.354167 0.0899775 0.0961488 97
