2 0.357055 0.190446 0.0164959 0.0234631 8
2 0.868105 0.586111 0.227509 0.291834 17
2 0.568445 0.58123 0.184847 0.225012 38
2 0.332222 0.338697 0.0808583 0.116906 72
2 0.516605 0.385271 0.0970933 0.116485 74
2 0.43335 0.326315 0.0827553 0.113781 91
2 0.21683 0.24462 0.0436408 0.0568649 118
2 0.334985 0.272087 0.0544932 0.0566289 184
7 0.666832 0.274545 0.043671 0.0516148 190
7 0.154056 0.155228 0.0283179 0.0681434 123
2 0.293736 0.24722 0.0443036 0.0545976 205
7 0.465605 0.220086 0.029647 0.0417695 97
2 0.164556 0.192903 0.0248541 0.0368165 216
2 0.200768 0.184426 0.0228716 0.0323578 235
2 0.553813 0.244141 0.0281458 0.0359254 242
2 0.521942 0.238867 0.0327788 0.0426947 134
2 0.180754 0.174051 0.017427 0.0244669 260
