2 0.865493 0.871558 0.269014 0.245109 5
2 0.470803 0.49835 0.146464 0.184137 7
2 0.429023 0.216372 0.0218692 0.0286523 8
2 0.37177 0.199624 0.0187398 0.0276192 9
2 0.439767 0.341668 0.0808322 0.11279 10
2 0.287276 0.245526 0.0445763 0.06466 17
2 0.341876 0.287412 0.0539301 0.0664606 34
2 0.228015 0.254784 0.0432156 0.0562348 38
2 0.192676 0.223716 0.0331442 0.0477307 72
2 0.255359 0.23009 0.0271259 0.0406519 74
7 0.313591 0.174933 0.025811 0.0430339 2
2 0.235135 0.212401 0.0263815 0.0338654 91
7 0.754401 0.306813 0.0642198 0.0785451 97
2 0.135615 0.197715 0.024599 0.028619 118
2 0.887441 0.342009 0.0579717 0.0638555 121
7 0.974407 0.374201 0.0491838 0.0838285 134
7 0.139662 0.153502 0.0206677 0.0486942 123
