2 0.396152 0.200304 0.0199795 0.0268416 8
2 0.348012 0.185756 0.0172456 0.0247162 9
2 0.862897 0.597544 0.218058 0.268002 10
2 0.375536 0.288795 0.0665867 0.0967291 17
2 0.510687 0.38607 0.0955401 0.117494 34
2 0.285182 0.298605 0.0637723 0.0839723 38
2 0.224964 0.245482 0.0437831 0.0638965 72
2 0.313961 0.258585 0.0441866 0.0576254 74
2 0.282447 0.233922 0.040102 0.0531542 91
7 0.591534 0.256967 0.0427931 0.0543004 97
2 0.158826 0.203526 0.030737 0.0406793 118
7 0.708913 0.291694 0.0546397 0.0626354 134
2 0.254566 0.22288 0.0286028 0.0409985 184
2 0.0802856 0.159004 0.0165474 0.0193783 186
7 0.958556 0.352839 0.0790326 0.0796772 190
7 0.145935 0.147759 0.0246675 0.0527931 123
