2 0.400006 0.202747 0.0197716 0.0276196 8
2 0.35039 0.187352 0.0176058 0.0261054 9
2 0.760304 0.535109 0.178832 0.228381 10
2 0.359363 0.281269 0.0629874 0.0919527 17
2 0.477593 0.366329 0.087666 0.106988 34
2 0.275275 0.290622 0.0594433 0.077709 38
2 0.21982 0.242757 0.0418369 0.0608017 72
2 0.304805 0.254423 0.0418613 0.0543883 74
2 0.274876 0.229672 0.0377081 0.0478057 91
7 0.606985 0.262759 0.0444413 0.055588 97
2 0.154837 0.202609 0.0295096 0.0377608 118
7 0.731433 0.299255 0.0647395 0.0644747 134
2 0.249489 0.221559 0.0271555 0.0382429 184
2 0.0762482 0.159005 0.015624 0.0185125 186
7 0.979208 0.361644 0.040069 0.0778293 190
