2 0.366552 0.195738 0.0169273 0.0242888 8
2 0.622219 0.440263 0.136875 0.192706 17
2 0.434219 0.448149 0.123023 0.157894 38
2 0.291845 0.304293 0.0653346 0.0978175 72
2 0.435319 0.336015 0.0766236 0.0920045 74
2 0.375583 0.292949 0.0668203 0.0914357 91
2 0.198352 0.234771 0.0402842 0.0511128 118
2 0.3072 0.262426 0.0446726 0.0609705 184
7 0.721927 0.291612 0.0485968 0.0576205 190
7 0.151937 0.15494 0.0275264 0.0635389 123
2 0.273849 0.237306 0.0388623 0.0464073 205
7 0.492092 0.231934 0.0329005 0.0427528 97
2 0.153753 0.191849 0.024499 0.0308966 216
2 0.195406 0.184216 0.0211082 0.0298117 235
2 0.558612 0.252507 0.0359519 0.0452211 231
2 0.587851 0.255212 0.0256589 0.0381675 242
