2 0.829571 0.829628 0.340857 0.336598 7
2 0.409428 0.208605 0.0202231 0.0282452 8
2 0.357446 0.194203 0.0179548 0.0278703 9
2 0.604773 0.441353 0.127768 0.170336 10
2 0.330128 0.268348 0.0564748 0.0805805 17
2 0.418936 0.332117 0.0725255 0.0900873 34
2 0.255941 0.277534 0.0527942 0.0704681 38
2 0.209014 0.237287 0.0389388 0.0557446 72
2 0.286256 0.245702 0.0362052 0.0490743 74
2 0.259635 0.223896 0.0335944 0.0422435 91
7 0.647865 0.276848 0.0508562 0.0620213 97
2 0.147563 0.201887 0.0285654 0.0362571 118
2 0.765581 0.305328 0.042043 0.049513 121
7 0.802888 0.322846 0.0657454 0.0707237 134
0 0.46331 0.199681 0.00921904 0.0307362 139
7 0.142509 0.153602 0.0227504 0.0548314 123
