2 0.369024 0.196712 0.0171795 0.023323 8
2 0.58485 0.417879 0.124838 0.178646 17
2 0.412393 0.42781 0.113494 0.145546 38
2 0.283662 0.297458 0.0639714 0.0957568 72
2 0.419104 0.326977 0.073235 0.0877467 74
2 0.36406 0.287824 0.0633383 0.0865454 91
2 0.194801 0.231854 0.0388358 0.0499602 118
2 0.303547 0.258182 0.0399532 0.0568658 184
7 0.737048 0.296945 0.0499705 0.0604417 190
7 0.150951 0.153091 0.0266198 0.0578571 123
2 0.269092 0.235036 0.0364993 0.0447805 205
2 0.498857 0.235096 0.0335671 0.0446609 97
2 0.150829 0.192584 0.0232614 0.030566 216
2 0.194193 0.183471 0.0206069 0.029411 235
2 0.568733 0.256529 0.0369113 0.046692 231
2 0.5968 0.258617 0.0251914 0.0393032 242
