2 0.943021 0.947572 0.113011 0.0995076 7
2 0.402769 0.205459 0.020332 0.02694 8
2 0.353226 0.191914 0.017953 0.0283047 9
2 0.69659 0.497348 0.157366 0.204904 10
2 0.348383 0.277599 0.0595228 0.0867188 17
2 0.454629 0.354045 0.0809502 0.10121 34
2 0.26801 0.286702 0.0571555 0.0755132 38
2 0.216067 0.242123 0.0412278 0.0588206 72
2 0.297799 0.252214 0.0411426 0.0536359 74
2 0.268795 0.228774 0.0346811 0.046007 91
7 0.620811 0.26685 0.046261 0.0602683 97
2 0.152173 0.203457 0.0298103 0.0371541 118
2 0.730446 0.293975 0.0301565 0.0436021 121
7 0.756678 0.308364 0.0603668 0.0656309 134
2 0.245982 0.221613 0.0269596 0.0381444 184
2 0.0730444 0.160858 0.0160357 0.0187273 186
2 0.757509 0.308431 0.060934 0.0659637 187
