2 0.83374 0.8417 0.323996 0.31179 5
2 0.45196 0.480068 0.138556 0.173174 7
2 0.431513 0.217081 0.0213483 0.0296042 8
2 0.373135 0.199975 0.0193777 0.0282294 9
2 0.427976 0.334459 0.0779637 0.109565 10
2 0.28328 0.243605 0.0432774 0.0613022 17
2 0.335519 0.284572 0.05296 0.0661284 34
2 0.225366 0.252224 0.0421436 0.0554412 38
2 0.191797 0.222463 0.0344852 0.0460227 72
2 0.25198 0.228144 0.0275991 0.0400878 74
7 0.31595 0.174571 0.0267604 0.0430239 2
2 0.23129 0.2107 0.0287758 0.0332738 91
7 0.76823 0.313744 0.0665298 0.0737286 97
2 0.133815 0.195628 0.0246761 0.0304849 118
2 0.902956 0.345972 0.0595186 0.0661821 121
7 0.139572 0.15382 0.0199116 0.0475548 123
