2 0.359782 0.190056 0.0168659 0.0230347 8
2 0.77973 0.532372 0.191281 0.256272 17
2 0.521812 0.533543 0.163016 0.200963 38
2 0.319814 0.32765 0.0754347 0.110515 72
2 0.490677 0.367042 0.0905854 0.10664 74
2 0.415133 0.313947 0.0778428 0.106402 91
2 0.212062 0.240056 0.0429631 0.0543616 118
2 0.325529 0.270632 0.0539558 0.0656271 184
7 0.681276 0.278162 0.0447102 0.0531338 190
7 0.154184 0.15488 0.029571 0.0669506 123
2 0.287795 0.243748 0.0419171 0.0514431 205
7 0.473401 0.221932 0.0311695 0.0441258 97
2 0.160931 0.19104 0.024943 0.0361028 216
2 0.199383 0.183344 0.0221508 0.0313308 235
2 0.562527 0.245522 0.0277758 0.0361599 242
2 0.531393 0.241145 0.0343421 0.0435111 134
2 0.180561 0.174131 0.0194894 0.0275701 260
