2 0.490762 0.547293 0.162064 0.206795 1
7 0.344631 0.180822 0.0318401 0.0524812 2
2 0.724831 0.518908 0.154573 0.194417 3
7 0.479419 0.35774 0.103454 0.142041 4
2 0.305864 0.333875 0.0721937 0.0908294 5
2 0.389439 0.206363 0.0200517 0.0257839 6
2 0.253321 0.281164 0.0556194 0.0686239 7
2 0.501479 0.235226 0.0270768 0.0358128 8
2 0.423271 0.211441 0.0233963 0.0333136 9
2 0.278348 0.243035 0.0365969 0.0580262 10
2 0.222687 0.205326 0.028064 0.0387357 17
2 0.245499 0.224361 0.0315991 0.0414329 34
2 0.184667 0.211502 0.029084 0.0361634 38
