2 0.530182 0.557456 0.162643 0.196464 5
2 0.359388 0.19715 0.0179723 0.0239812 6
2 0.359538 0.385218 0.0970696 0.126808 7
2 0.448565 0.21964 0.0236605 0.0320509 8
2 0.384925 0.200452 0.0202881 0.0319396 9
2 0.365647 0.294201 0.0617733 0.0879785 10
2 0.260894 0.227198 0.0362277 0.0532342 17
2 0.300435 0.259521 0.0445152 0.0553531 34
2 0.210524 0.236264 0.0387059 0.0483454 38
2 0.182591 0.21149 0.0298629 0.0414759 72
2 0.234744 0.215232 0.0248527 0.0338313 74
7 0.322718 0.173368 0.0273281 0.0440071 2
2 0.218148 0.199578 0.0236662 0.0321091 91
7 0.885303 0.345488 0.083254 0.0894679 97
2 0.127584 0.187564 0.0229928 0.0300182 118
