2 0.282837 0.324288 0.0713376 0.0905885 1
7 0.373093 0.190272 0.034883 0.0541411 2
2 0.375586 0.304462 0.0602933 0.0839092 3
7 0.314498 0.263178 0.0550141 0.0797965 4
2 0.227767 0.263158 0.0459215 0.0563404 5
2 0.433975 0.220423 0.0233972 0.0304398 6
2 0.203451 0.237452 0.0337019 0.0472306 7
2 0.583002 0.260188 0.0343593 0.0450801 8
7 0.47585 0.228749 0.0277033 0.0397296 9
2 0.230844 0.215302 0.0261572 0.0404809 10
2 0.325604 0.194865 0.0158924 0.0219621 13
2 0.194364 0.194741 0.0202185 0.0311347 17
