2 0.315247 0.360049 0.0812017 0.108296 1
7 0.364054 0.187499 0.0344169 0.0534872 2
2 0.432726 0.337823 0.0743758 0.100013 3
7 0.347841 0.281233 0.0645053 0.0907981 4
2 0.245087 0.277797 0.0509609 0.06372 5
2 0.419506 0.215423 0.0213075 0.0287634 6
2 0.215017 0.247574 0.0382402 0.0541478 7
2 0.555351 0.251808 0.032233 0.0418741 8
7 0.45837 0.222419 0.0260332 0.0361805 9
2 0.242111 0.220436 0.0294912 0.0459749 10
2 0.318289 0.191057 0.0148018 0.0217305 13
2 0.201178 0.196195 0.0220882 0.0325893 17
