2 0.608096 0.629968 0.214802 0.257942 7
2 0.417937 0.207336 0.0217785 0.0288769 8
2 0.363895 0.191814 0.0185442 0.0272634 9
2 0.513575 0.381299 0.10088 0.139689 10
2 0.308214 0.252842 0.049651 0.0715139 17
2 0.37919 0.303661 0.0628974 0.0788448 34
2 0.241868 0.26195 0.047754 0.0636071 38
2 0.200276 0.225193 0.0360865 0.0526628 72
2 0.271099 0.232988 0.0329309 0.0447247 74
2 0.246955 0.213124 0.0297034 0.0394617 91
7 0.692028 0.287898 0.0546004 0.0634601 97
2 0.140937 0.194237 0.0264383 0.0338753 118
2 0.81741 0.317626 0.0502972 0.0575173 121
7 0.879908 0.342365 0.0757332 0.0778633 134
7 0.141854 0.148784 0.021893 0.0527964 123
7 0.310571 0.167761 0.0240767 0.0431699 2
