2 0.378455 0.195447 0.0180716 0.0244303 8
2 0.479476 0.352144 0.0940516 0.136411 17
2 0.785252 0.561979 0.181566 0.200354 34
2 0.350938 0.362272 0.0889398 0.112766 38
2 0.257173 0.272971 0.0554803 0.081806 72
2 0.371057 0.294212 0.0602639 0.0741587 74
2 0.327819 0.263059 0.0544652 0.0735295 91
2 0.180583 0.2176 0.0363232 0.0465217 118
2 0.284396 0.242201 0.0360896 0.0509253 184
2 0.0975787 0.162136 0.0174805 0.0180195 186
7 0.802839 0.311023 0.0580775 0.064815 190
7 0.149537 0.15081 0.0273727 0.0608389 123
2 0.255085 0.222705 0.0317958 0.0412673 205
7 0.52826 0.239391 0.0362548 0.0491203 97
2 0.143852 0.1855 0.0214508 0.0276832 216
2 0.618391 0.264935 0.0545188 0.050962 134
