2 0.375602 0.195324 0.0180482 0.0252847 8
2 0.502077 0.365863 0.101289 0.14606 17
2 0.859513 0.609672 0.210374 0.223451 34
2 0.363917 0.376543 0.0929066 0.119511 38
2 0.264404 0.279196 0.0572046 0.08209 72
2 0.382224 0.30291 0.0633882 0.0810527 74
2 0.335621 0.268817 0.0541927 0.0776699 91
2 0.184265 0.220345 0.0358577 0.0458341 118
2 0.290288 0.245776 0.0373959 0.0532113 184
2 0.09949 0.162007 0.0166344 0.0192413 186
7 0.78434 0.306307 0.0558901 0.0633956 190
7 0.15082 0.148993 0.0241105 0.0570327 123
2 0.258298 0.226967 0.0337307 0.0472223 205
7 0.520326 0.236924 0.0358922 0.0483466 97
2 0.145151 0.185882 0.0214487 0.0278847 216
2 0.607777 0.262411 0.0561217 0.0493915 134
2 0.520636 0.237096 0.0359309 0.0480322 229
