2 0.341397 0.186128 0.0158887 0.0225795 8
2 0.474422 0.47478 0.138799 0.202512 72
2 0.868902 0.617919 0.222232 0.229415 74
2 0.644585 0.457446 0.145379 0.193845 91
2 0.26425 0.280921 0.0583126 0.0741451 118
2 0.420459 0.330696 0.0756285 0.0921729 184
7 0.585477 0.251736 0.035829 0.0452979 190
7 0.160579 0.159725 0.0343316 0.0773189 123
2 0.344745 0.28149 0.0560892 0.0685794 205
2 0.424684 0.209105 0.0265456 0.0374535 97
2 0.190786 0.209826 0.031501 0.0399092 216
2 0.21448 0.193983 0.024444 0.0384501 235
2 0.503091 0.230383 0.0249847 0.0339455 242
2 0.465537 0.222639 0.0291644 0.0367524 134
2 0.190188 0.178954 0.0215318 0.029216 260
2 0.0830314 0.156197 0.0193409 0.0242016 276
2 0.982272 0.361269 0.0346674 0.0740373 289
