2 0.33534 0.186109 0.015552 0.0218302 8
2 0.594242 0.591936 0.194493 0.276168 72
2 0.825596 0.571714 0.212099 0.26541 91
2 0.290255 0.302772 0.0653946 0.0848604 118
2 0.473864 0.367698 0.0893359 0.108286 184
2 0.559339 0.246616 0.0327432 0.0420826 190
7 0.162713 0.1634 0.0340433 0.0801573 123
2 0.37429 0.300855 0.0630701 0.0790582 205
7 0.411101 0.206222 0.0249542 0.0389045 97
2 0.202817 0.218424 0.0328397 0.0425361 216
2 0.221451 0.199433 0.0242443 0.038985 235
2 0.485822 0.227197 0.0234347 0.0295941 242
2 0.446744 0.219199 0.0265033 0.0348532 134
2 0.19414 0.182037 0.0204647 0.0273476 260
2 0.907586 0.340773 0.066594 0.0715932 289
2 0.0911082 0.158657 0.0191724 0.0235686 276
