2 0.349595 0.190345 0.0164176 0.0231036 8
2 0.80801 0.81746 0.319951 0.353481 38
2 0.378511 0.382585 0.0979023 0.14756 72
2 0.62007 0.454024 0.128127 0.147674 74
2 0.501791 0.370392 0.102284 0.139434 91
2 0.234839 0.260701 0.0492095 0.0631877 118
2 0.36638 0.2932 0.0624113 0.0677105 184
2 0.62821 0.264608 0.0382462 0.0485587 190
7 0.156547 0.159124 0.0298617 0.0725348 123
2 0.312728 0.261959 0.0487775 0.0601558 205
2 0.446869 0.216297 0.0278938 0.0398624 97
2 0.174063 0.203695 0.0270784 0.0361083 216
2 0.205722 0.190597 0.0233579 0.0333588 235
2 0.53046 0.238548 0.0265232 0.0340152 242
2 0.495438 0.233096 0.0321115 0.0389022 134
2 0.184213 0.179288 0.0187808 0.0251452 260
2 0.0699613 0.156231 0.0201806 0.024601 276
7 0.447061 0.216397 0.0281249 0.0402729 282
