2 0.338036 0.186017 0.0158748 0.0213896 8
2 0.520549 0.521122 0.160345 0.23063 72
2 0.935451 0.710833 0.129099 0.270923 74
2 0.714239 0.503209 0.16981 0.21933 91
2 0.274961 0.290843 0.060104 0.0767972 118
2 0.442832 0.347369 0.0809334 0.0980759 184
2 0.573188 0.249812 0.0341305 0.0437242 190
7 0.161428 0.162623 0.0327384 0.0788343 123
2 0.35732 0.290258 0.0589697 0.0737897 205
2 0.417839 0.207799 0.0264898 0.0371015 97
2 0.195461 0.214417 0.0313532 0.0408308 216
2 0.217307 0.198028 0.0240474 0.0374964 235
2 0.495332 0.22906 0.0244087 0.0312662 242
2 0.45704 0.223054 0.0281045 0.0361627 134
2 0.192317 0.18045 0.0197141 0.0264391 260
2 0.957635 0.354766 0.0737512 0.0745246 289
