2 0.296407 0.340087 0.0731633 0.0990674 1
7 0.368782 0.188337 0.0357001 0.0543749 2
2 0.400856 0.319391 0.0667701 0.0914305 3
7 0.330184 0.271523 0.0594655 0.0846463 4
2 0.235815 0.269511 0.0477933 0.0593317 5
2 0.426404 0.217651 0.0234287 0.0304409 6
2 0.209122 0.242016 0.0362787 0.05126 7
2 0.569033 0.255613 0.032765 0.042803 8
7 0.466836 0.226432 0.0274793 0.0385318 9
2 0.236102 0.2175 0.0280192 0.0421795 10
2 0.32249 0.193595 0.0171377 0.0223719 13
2 0.197079 0.195748 0.0269768 0.0353072 17
