2 0.684606 0.707116 0.256982 0.303311 7
2 0.41401 0.206989 0.0211841 0.0284024 8
2 0.361222 0.191706 0.0187248 0.0268474 9
2 0.548411 0.403727 0.111689 0.151802 10
2 0.316221 0.257634 0.050439 0.0756689 17
2 0.39483 0.314047 0.0661797 0.081654 34
2 0.247746 0.2674 0.050449 0.0657773 38
2 0.204175 0.22924 0.0377103 0.0548748 72
2 0.277458 0.237644 0.0360986 0.0458006 74
2 0.252565 0.216843 0.0305864 0.0396204 91
7 0.67215 0.282351 0.0524768 0.0622598 97
2 0.14353 0.197156 0.0265404 0.0342905 118
2 0.795234 0.310625 0.0478158 0.0518814 121
7 0.845025 0.332533 0.071836 0.0735937 134
7 0.141683 0.149577 0.0236255 0.054924 123
7 0.309348 0.169333 0.0213284 0.0438525 2
0 0.463276 0.197309 0.00781129 0.0310277 139
