2 0.656369 0.678645 0.241853 0.286058 7
2 0.41488 0.206816 0.0218782 0.0279669 8
2 0.362119 0.191359 0.01801 0.0271582 9
2 0.535699 0.396001 0.107352 0.148551 10
2 0.313782 0.255831 0.0500875 0.0739931 17
2 0.389313 0.309919 0.0649919 0.0818004 34
2 0.245849 0.26519 0.0495083 0.0656623 38
2 0.203054 0.227929 0.0369015 0.0533361 72
2 0.275545 0.235618 0.0337929 0.0451204 74
2 0.251564 0.215905 0.0292124 0.0384914 91
7 0.678621 0.28403 0.0529648 0.0634809 97
2 0.142362 0.195725 0.0266108 0.0343066 118
2 0.802848 0.311908 0.0499352 0.05388 121
7 0.856019 0.335431 0.074173 0.0749952 134
7 0.141853 0.149369 0.0225026 0.0542413 123
7 0.309967 0.168164 0.0217963 0.043588 2
