2 0.376572 0.195226 0.0180298 0.0249867 8
2 0.492464 0.359626 0.0981296 0.142553 17
2 0.825364 0.588265 0.197689 0.212484 34
2 0.358073 0.371356 0.0910133 0.115605 38
2 0.260865 0.275613 0.0553288 0.0823301 72
2 0.37713 0.301579 0.0620468 0.0853288 74
2 0.332046 0.266961 0.0541648 0.0760704 91
2 0.18286 0.219135 0.0363314 0.0478723 118
2 0.287534 0.243852 0.0357339 0.0517144 184
2 0.09853 0.162368 0.0168648 0.0175967 186
7 0.792083 0.308271 0.0573855 0.0637418 190
7 0.150021 0.148782 0.0257283 0.0570788 123
2 0.257681 0.224015 0.0329765 0.0425172 205
7 0.524082 0.237796 0.0358811 0.0501968 97
2 0.144602 0.185546 0.0212007 0.0286277 216
2 0.612365 0.263259 0.0559235 0.0504773 134
7 0.612709 0.263362 0.0554618 0.0509595 228
