2 0.404813 0.457127 0.120702 0.157622 1
7 0.350492 0.182901 0.0333183 0.0497866 2
2 0.583296 0.430105 0.112481 0.147343 3
7 0.42166 0.323182 0.0862233 0.120182 4
2 0.280664 0.308796 0.0631714 0.0792438 5
2 0.399445 0.208996 0.0214291 0.0270914 6
2 0.238209 0.26647 0.0485734 0.063593 7
2 0.518417 0.240295 0.0288386 0.036995 8
2 0.434436 0.214645 0.0237733 0.0348758 9
2 0.265272 0.233168 0.0321137 0.0525892 10
2 0.213316 0.200945 0.0240641 0.0374823 17
2 0.235953 0.21807 0.0285425 0.0373857 34
2 0.178459 0.206737 0.0266094 0.0360586 38
0 0.463924 0.202436 0.00620864 0.0312468 42
