7 0.978726 0.73463 0.0415303 0.250568 4
2 0.505702 0.532391 0.152158 0.184355 5
2 0.360978 0.197947 0.0180338 0.0247863 6
2 0.349825 0.375589 0.0938672 0.120916 7
2 0.451416 0.21985 0.0234015 0.032375 8
2 0.386824 0.201047 0.0205599 0.0304236 9
2 0.357935 0.290236 0.0596927 0.0843014 10
2 0.258306 0.226048 0.036806 0.0531341 17
2 0.296468 0.256928 0.0429091 0.0546368 34
2 0.208521 0.233849 0.0370285 0.0476907 38
2 0.181602 0.210541 0.0299901 0.0418594 72
2 0.232403 0.214046 0.0252367 0.0346554 74
7 0.32373 0.174455 0.0281436 0.0455088 2
2 0.216249 0.199268 0.0216395 0.0312229 91
7 0.90659 0.348879 0.0873011 0.0950406 97
