2 0.731427 0.789756 0.288734 0.342178 1
2 0.987435 0.746742 0.0226927 0.21777 3
7 0.600477 0.431105 0.143118 0.189879 4
2 0.353152 0.3795 0.0894859 0.110832 5
2 0.378673 0.202899 0.0190417 0.025455 6
2 0.279749 0.305948 0.0649543 0.0852788 7
2 0.481318 0.229105 0.0253383 0.035544 8
2 0.408823 0.207911 0.0221089 0.0324635 9
2 0.300431 0.257138 0.0454573 0.0662733 10
2 0.235327 0.211432 0.0317884 0.0437669 17
2 0.261133 0.23466 0.034459 0.0435156 34
2 0.192632 0.219246 0.0321459 0.0399548 38
0 0.463943 0.20003 0.00782839 0.0317264 42
2 0.17051 0.199132 0.023957 0.0355931 72
2 0.213343 0.201519 0.0203946 0.0259939 74
7 0.336708 0.1789 0.030065 0.0488416 2
