2 0.516458 0.541586 0.168191 0.207972 7
2 0.42465 0.212484 0.0224065 0.0292544 8
7 0.368469 0.19664 0.0187417 0.0274353 9
2 0.466065 0.355615 0.0877543 0.121882 10
2 0.294398 0.248003 0.0452303 0.0670395 17
2 0.356137 0.293447 0.057866 0.0706574 34
2 0.23347 0.257136 0.0452974 0.0591347 38
2 0.195619 0.223964 0.0337981 0.0484941 72
2 0.260875 0.230693 0.0300207 0.0432634 74
7 0.312376 0.17228 0.0251925 0.043494 2
2 0.239463 0.212998 0.0286931 0.0359432 91
7 0.727654 0.298885 0.0598239 0.072588 97
2 0.13769 0.195347 0.0258987 0.0312209 118
2 0.85777 0.332161 0.0547361 0.0613681 121
7 0.946446 0.363304 0.0873171 0.0847258 134
7 0.141004 0.150872 0.022686 0.0522185 123
0 0.463478 0.20078 0.00835263 0.0327577 139
2 0.345593 0.193782 0.0158861 0.0232581 6
