2 0.377712 0.194987 0.0185715 0.0249921 8
2 0.485727 0.355444 0.0959977 0.139602 17
2 0.804659 0.57434 0.1899 0.205608 34
2 0.354297 0.366569 0.0892664 0.114702 38
2 0.258967 0.273359 0.0549264 0.0846679 72
2 0.37429 0.295727 0.0607951 0.0745318 74
2 0.330422 0.265179 0.0548592 0.0748384 91
2 0.181762 0.218217 0.0371404 0.0474253 118
2 0.285553 0.242853 0.0361873 0.0514372 184
2 0.0980392 0.162222 0.0173885 0.0182496 186
7 0.797227 0.309315 0.056898 0.0639193 190
7 0.149725 0.149932 0.0271007 0.0589129 123
2 0.256149 0.223952 0.0330994 0.0438947 205
7 0.526416 0.239041 0.0359163 0.0502622 97
2 0.144081 0.185494 0.0211897 0.0289277 216
7 0.615605 0.264206 0.0546849 0.0506494 134
