2 0.380615 0.196719 0.0189827 0.0257862 8
2 0.464713 0.343866 0.0904222 0.130571 17
2 0.740382 0.53399 0.165259 0.185467 34
2 0.341388 0.354865 0.0845396 0.109765 38
2 0.253399 0.270214 0.0529404 0.0789076 72
2 0.363568 0.291101 0.0578912 0.0743859 74
2 0.321497 0.260669 0.0504094 0.0723973 91
2 0.177819 0.217061 0.034611 0.0439894 118
7 0.625883 0.267714 0.0532171 0.0530508 134
2 0.281219 0.241165 0.0351094 0.0498322 184
2 0.0955649 0.161232 0.0165874 0.0180729 186
7 0.816562 0.314588 0.0596315 0.0667922 190
7 0.149476 0.151037 0.0272022 0.0592481 123
2 0.252717 0.219679 0.0313545 0.0354834 205
7 0.534382 0.241167 0.0364157 0.0507636 97
2 0.142012 0.18616 0.020876 0.0257562 216
2 0.626394 0.267684 0.0531184 0.053322 222
