2 0.705445 0.728876 0.269237 0.318358 7
2 0.413301 0.207227 0.0205713 0.0284611 8
2 0.360613 0.192053 0.0190178 0.0265889 9
2 0.557272 0.409132 0.113725 0.15496 10
2 0.318834 0.259548 0.0517824 0.0751453 17
2 0.398723 0.317215 0.0670559 0.0843158 34
2 0.249176 0.268879 0.0506821 0.0666174 38
2 0.204807 0.23106 0.0374364 0.054369 72
2 0.279258 0.239973 0.035764 0.0471459 74
2 0.254084 0.217695 0.0316586 0.0396637 91
7 0.667948 0.281352 0.0517293 0.0623697 97
2 0.143965 0.197112 0.0273381 0.0353412 118
2 0.790107 0.310392 0.0468082 0.0520311 121
7 0.837408 0.331026 0.0699574 0.0734319 134
7 0.30934 0.169241 0.0203329 0.0422918 2
0 0.463321 0.197181 0.00781202 0.0302171 139
