2 0.347626 0.187178 0.0157623 0.0217786 8
2 0.8741 0.868578 0.251799 0.252054 38
2 0.398674 0.402277 0.106283 0.155628 72
2 0.667609 0.484407 0.144228 0.162083 74
2 0.530917 0.387308 0.110668 0.150609 91
2 0.241391 0.264593 0.0512542 0.0652056 118
2 0.378924 0.301388 0.065028 0.0767873 184
7 0.616375 0.260219 0.0376035 0.0473592 190
7 0.157832 0.157759 0.0320203 0.0743689 123
2 0.320151 0.265876 0.0492939 0.0616312 205
7 0.440597 0.212647 0.0268264 0.0415027 97
2 0.17812 0.203506 0.0284869 0.0356603 216
2 0.207313 0.189904 0.0254373 0.0351632 235
2 0.523317 0.234576 0.0263541 0.034639 242
2 0.487122 0.230388 0.0296358 0.0378313 134
2 0.1856 0.176999 0.0201202 0.0240887 260
2 0.073323 0.155847 0.0189698 0.0230052 276
