2 0.340352 0.185842 0.0156377 0.0222387 8
2 0.482453 0.482798 0.142114 0.208681 72
2 0.888542 0.63386 0.222917 0.236676 74
2 0.65639 0.465336 0.149818 0.197385 91
2 0.266106 0.282831 0.0587148 0.0742384 118
2 0.424454 0.333495 0.0762893 0.0946704 184
2 0.582731 0.251861 0.0358981 0.0452829 190
7 0.160601 0.160445 0.0344909 0.0777093 123
2 0.347014 0.283002 0.0562906 0.0692227 205
2 0.422831 0.208413 0.0256433 0.0388395 97
2 0.191876 0.210258 0.0318282 0.0405324 216
2 0.214936 0.195029 0.0243369 0.0373821 235
2 0.501402 0.229893 0.0249734 0.0335853 242
2 0.46363 0.222176 0.0276889 0.0366326 134
2 0.190264 0.17917 0.0205689 0.0282307 260
2 0.0835109 0.156258 0.0192715 0.0237124 276
2 0.977135 0.359907 0.0443228 0.0747581 289
