2 0.382749 0.434261 0.110706 0.146124 1
7 0.353416 0.18334 0.032481 0.0520677 2
2 0.547736 0.40871 0.102897 0.137368 3
7 0.405366 0.313914 0.0818486 0.113206 4
2 0.272895 0.302088 0.0609438 0.0769707 5
2 0.402512 0.209958 0.020891 0.0279436 6
2 0.23347 0.26251 0.0463341 0.0618334 7
2 0.524833 0.242399 0.0290827 0.0376193 8
2 0.438454 0.21681 0.0249951 0.0347708 9
2 0.260697 0.23109 0.0307214 0.0505351 10
2 0.210712 0.201074 0.0232947 0.0368521 17
2 0.232254 0.215543 0.0265824 0.0365852 34
2 0.176969 0.206006 0.0272573 0.0365323 38
0 0.463727 0.202468 0.00707372 0.0317909 42
