3 0.39829 0.200992 0.0193436 0.0269281 8
2 0.349566 0.186433 0.0171599 0.0248966 9
2 0.798242 0.557714 0.193027 0.242814 10
2 0.365592 0.283866 0.0640037 0.0923186 17
2 0.489625 0.373502 0.0907549 0.112121 34
2 0.279201 0.293959 0.0615261 0.0798824 38
2 0.222162 0.24333 0.0430299 0.0624235 72
2 0.308092 0.255987 0.0419374 0.0547074 74
2 0.277458 0.231163 0.0393383 0.05021 91
7 0.600838 0.26026 0.0443734 0.0551712 97
2 0.156424 0.202437 0.029476 0.0385539 118
7 0.722386 0.295546 0.0594758 0.0647713 134
2 0.25157 0.221703 0.0283329 0.0391924 184
2 0.0780852 0.158903 0.0155817 0.018933 186
7 0.970578 0.356645 0.0581062 0.0767656 190
