2 0.716067 0.738748 0.276025 0.324348 7
2 0.412863 0.207606 0.0203665 0.0284653 8
2 0.360183 0.19261 0.0188598 0.0266653 9
2 0.561439 0.412248 0.115327 0.155799 10
2 0.319851 0.260795 0.0519795 0.0755896 17
2 0.40063 0.318966 0.0672676 0.0861178 34
2 0.24965 0.270036 0.0508318 0.0662935 38
2 0.205341 0.231475 0.0377731 0.0549856 72
2 0.280022 0.240732 0.0359392 0.0477284 74
2 0.254647 0.218751 0.0309548 0.0410273 91
7 0.665901 0.281204 0.0515206 0.0619273 97
2 0.144272 0.198068 0.0276354 0.0356699 118
2 0.787761 0.309861 0.0462019 0.0519368 121
7 0.834087 0.330487 0.07006 0.0729677 134
7 0.309036 0.169751 0.0202437 0.0422989 2
0 0.463265 0.197314 0.00781158 0.0299648 139
