2 0.516621 0.574293 0.17444 0.219599 1
7 0.343775 0.180722 0.029593 0.0511862 2
2 0.766501 0.545308 0.168304 0.208701 3
7 0.495091 0.367155 0.109028 0.148546 4
2 0.313393 0.339951 0.0757828 0.0922831 5
2 0.38794 0.206094 0.020077 0.0267316 6
2 0.256819 0.283859 0.0566008 0.0716303 7
2 0.498405 0.23467 0.0277035 0.0354433 8
2 0.42042 0.210548 0.0234201 0.0320719 9
2 0.280849 0.244878 0.0389678 0.0598783 10
2 0.223914 0.205607 0.0265126 0.0387365 17
2 0.246961 0.225765 0.0313957 0.0393083 34
2 0.185574 0.212187 0.0282502 0.0379858 38
0 0.463236 0.202852 0.0062506 0.0317597 42
