7 0.940229 0.679868 0.119543 0.321518 4
2 0.483398 0.510085 0.143736 0.173214 5
2 0.36279 0.198053 0.0179635 0.0252053 6
2 0.341079 0.366859 0.0898154 0.117643 7
7 0.453689 0.220779 0.0239291 0.0334426 8
2 0.388534 0.202327 0.0204911 0.0314524 9
2 0.351365 0.286471 0.0576475 0.0817108 10
2 0.256267 0.224115 0.0354858 0.0537379 17
2 0.292444 0.254778 0.0410021 0.0522045 34
2 0.206758 0.232815 0.0360926 0.0459836 38
2 0.180752 0.209119 0.0291257 0.0411052 72
2 0.230368 0.213282 0.0234859 0.0339205 74
7 0.324679 0.174821 0.0288069 0.0465103 2
2 0.215433 0.198025 0.0210219 0.0292581 91
7 0.929207 0.35735 0.0924524 0.0949251 97
