2 0.777409 0.808793 0.290548 0.330607 5
2 0.35101 0.196439 0.0163952 0.0227857 6
2 0.437974 0.464275 0.131252 0.165534 7
2 0.433601 0.2171 0.0218602 0.0298225 8
2 0.374595 0.19976 0.0187078 0.0283303 9
2 0.419387 0.328692 0.0761518 0.107011 10
2 0.280183 0.24188 0.0417985 0.06032 17
2 0.331074 0.280477 0.0515515 0.0646129 34
2 0.223482 0.250194 0.0415 0.0540333 38
2 0.190963 0.221122 0.033513 0.0452417 72
2 0.250407 0.226948 0.0268601 0.0384095 74
7 0.317561 0.174447 0.0293373 0.0451968 2
2 0.229842 0.209271 0.0258104 0.0334304 91
7 0.780019 0.314572 0.0685907 0.0797178 97
2 0.132798 0.195425 0.0235211 0.0298179 118
2 0.916421 0.349431 0.0614438 0.0663714 121
