2 0.365017 0.19335 0.016474 0.0230626 8
2 0.65306 0.457148 0.146742 0.205162 17
2 0.451372 0.464867 0.131053 0.16626 38
2 0.298387 0.309005 0.0684669 0.101484 72
2 0.4473 0.341587 0.0782297 0.0924458 74
2 0.384043 0.297018 0.0696572 0.0939062 91
2 0.202115 0.235193 0.0404624 0.0516773 118
2 0.310631 0.264239 0.0490437 0.0638991 184
7 0.712007 0.288179 0.0476288 0.0567229 190
7 0.152515 0.155542 0.0282795 0.0663888 123
2 0.27627 0.238778 0.0387016 0.0480156 205
2 0.487423 0.229672 0.032256 0.0423047 97
2 0.155253 0.191558 0.0235315 0.0312307 216
2 0.195934 0.183429 0.0218953 0.0302919 235
2 0.581538 0.253606 0.0265544 0.0381055 242
2 0.551799 0.249711 0.036329 0.0460166 134
