2 0.627803 0.687153 0.23052 0.281802 1
2 0.9158 0.657533 0.1684 0.266475 3
7 0.553957 0.402501 0.127396 0.171483 4
2 0.335781 0.362411 0.0827271 0.102704 5
2 0.382406 0.203934 0.0195261 0.0268396 6
2 0.269952 0.296763 0.0610434 0.0794489 7
2 0.487565 0.231514 0.0265528 0.034387 8
2 0.41263 0.208669 0.0232326 0.0322292 9
2 0.292611 0.25276 0.0419451 0.0652103 10
2 0.230843 0.209396 0.0295864 0.0423193 17
2 0.256197 0.230857 0.034153 0.0426291 34
2 0.190109 0.216656 0.0307568 0.0407037 38
0 0.463885 0.20188 0.00786012 0.0314055 42
2 0.168879 0.197637 0.0230442 0.0374248 72
