2 0.396948 0.44819 0.119087 0.154647 1
7 0.351929 0.183091 0.0321104 0.0509571 2
2 0.569349 0.421196 0.109115 0.143536 3
7 0.415678 0.319427 0.0841012 0.118061 4
2 0.27786 0.306214 0.0628894 0.0785317 5
2 0.400388 0.209187 0.0215515 0.0274141 6
2 0.236161 0.26566 0.0463965 0.0625292 7
2 0.521087 0.241039 0.0295861 0.0388215 8
2 0.435968 0.215349 0.0249523 0.0347583 9
2 0.263005 0.231969 0.0321957 0.052536 10
2 0.212025 0.200869 0.0248681 0.0373081 17
2 0.234586 0.217412 0.0281438 0.0371572 34
2 0.178338 0.206141 0.0265708 0.0369704 38
0 0.463672 0.202413 0.00646369 0.0317119 42
