2 0.396521 0.200314 0.0190864 0.0269468 8
2 0.348175 0.186054 0.017759 0.0244777 9
2 0.840321 0.583748 0.20887 0.25821 10
2 0.371848 0.286711 0.0654903 0.0957688 17
2 0.503404 0.381714 0.0938982 0.115086 34
2 0.283123 0.297061 0.0624151 0.0826704 38
2 0.224037 0.244433 0.0432867 0.0643869 72
2 0.311471 0.257146 0.0443304 0.0564002 74
2 0.28121 0.232845 0.0398576 0.0517716 91
7 0.594402 0.258438 0.0436662 0.053674 97
2 0.15811 0.203032 0.0304087 0.0401042 118
7 0.713315 0.293077 0.0565921 0.0624983 134
2 0.253766 0.222554 0.0283289 0.0410081 184
2 0.0798568 0.158877 0.0165412 0.0187381 186
7 0.962522 0.354917 0.0739572 0.0793516 190
7 0.146346 0.14917 0.0257491 0.0554956 123
