2 0.381171 0.197053 0.0192966 0.0259484 8
2 0.462042 0.342818 0.0894242 0.129709 17
2 0.731846 0.528633 0.162484 0.182315 34
2 0.339854 0.353585 0.0842477 0.109067 38
2 0.25245 0.269452 0.0523758 0.0791547 72
2 0.362058 0.291422 0.0576839 0.0740387 74
2 0.320879 0.260141 0.0509578 0.0716707 91
2 0.177498 0.217098 0.0335067 0.0436542 118
2 0.627734 0.269082 0.053202 0.0524427 134
2 0.28014 0.241291 0.0349536 0.0493235 184
2 0.0953417 0.160988 0.0169295 0.0182329 186
7 0.818707 0.315916 0.0596984 0.0666539 190
7 0.149475 0.152678 0.027602 0.0617843 123
2 0.252279 0.219387 0.0312426 0.0353497 205
7 0.535608 0.241501 0.0374374 0.0521217 97
2 0.142029 0.185862 0.020905 0.0253543 216
