2 0.572527 0.631267 0.201285 0.249385 1
7 0.340579 0.180692 0.0312461 0.0497235 2
2 0.858825 0.602515 0.2037 0.242712 3
7 0.526176 0.38565 0.118592 0.161227 4
2 0.324583 0.352459 0.0773513 0.0981108 5
2 0.384817 0.204561 0.0193748 0.0270664 6
2 0.264657 0.291224 0.0594733 0.0769892 7
2 0.492073 0.232749 0.0265554 0.0353002 8
2 0.415799 0.209676 0.0236536 0.0323782 9
2 0.287891 0.24861 0.0404888 0.0624726 10
2 0.227522 0.208334 0.0284445 0.0400681 17
2 0.252356 0.228844 0.0323235 0.0415165 34
2 0.188049 0.215203 0.0297413 0.0390152 38
0 0.463376 0.202458 0.00705566 0.0305359 42
2 0.168106 0.196452 0.0225645 0.0367234 72
