2 0.59526 0.653246 0.213138 0.261475 1
7 0.339017 0.180154 0.0317177 0.0492936 2
2 0.893279 0.626222 0.213442 0.254398 3
7 0.537417 0.393272 0.121642 0.16451 4
2 0.329438 0.356642 0.0794538 0.100202 5
2 0.383822 0.203992 0.0194785 0.0264884 6
2 0.266124 0.292922 0.059507 0.0770157 7
2 0.490099 0.231968 0.0270551 0.0352664 8
2 0.414546 0.208865 0.0229203 0.0324024 9
2 0.289403 0.249601 0.0407667 0.0632427 10
2 0.22903 0.20884 0.0292909 0.0412297 17
2 0.254289 0.229402 0.0335538 0.0430246 34
2 0.188751 0.21574 0.0303669 0.039124 38
0 0.463325 0.20233 0.0076512 0.0321305 42
2 0.168373 0.197494 0.0222315 0.0360947 72
