2 0.337562 0.186369 0.0161845 0.0208154 8
2 0.536916 0.537871 0.166702 0.24184 72
2 0.956611 0.728629 0.0867777 0.247623 74
2 0.738385 0.51821 0.179246 0.229759 91
2 0.27851 0.294162 0.0608496 0.0781477 118
2 0.449914 0.352439 0.0827845 0.100134 184
2 0.570157 0.249406 0.0332898 0.0437001 190
7 0.162136 0.163385 0.0334806 0.0798642 123
2 0.361429 0.293458 0.0598698 0.0733647 205
2 0.41662 0.20823 0.0257973 0.0367211 97
2 0.197853 0.215867 0.0329439 0.0411914 216
2 0.218319 0.19921 0.0242828 0.0382497 235
2 0.492753 0.228724 0.0249718 0.0309599 242
2 0.454436 0.222115 0.0281103 0.0359003 134
2 0.192527 0.182491 0.0207374 0.0286003 260
2 0.945036 0.352091 0.0726549 0.0740898 289
