2 0.290282 0.334746 0.0710778 0.0970991 1
7 0.370624 0.189027 0.0359989 0.0543988 2
2 0.391338 0.313993 0.0644663 0.0890102 3
7 0.323488 0.268758 0.0563732 0.0825609 4
2 0.233117 0.267187 0.046663 0.0586473 5
2 0.429267 0.218891 0.0229065 0.0298677 6
2 0.206448 0.24151 0.0346727 0.0493792 7
2 0.574662 0.257254 0.0338204 0.0447639 8
7 0.470388 0.227416 0.0270722 0.0393105 9
2 0.234094 0.21726 0.0279191 0.0423186 10
2 0.323329 0.194553 0.0163665 0.0239288 13
2 0.196427 0.194951 0.0237033 0.0327908 17
