2 0.407685 0.460147 0.121714 0.160342 1
7 0.350565 0.182664 0.0324952 0.0503319 2
2 0.588226 0.432825 0.113889 0.149508 3
7 0.423992 0.324482 0.0867442 0.120878 4
2 0.281618 0.309179 0.0635979 0.0802415 5
2 0.399026 0.208709 0.0209593 0.0270451 6
2 0.238965 0.266933 0.0490831 0.0634241 7
2 0.517846 0.239935 0.0288629 0.036815 8
2 0.433963 0.214488 0.0240326 0.0352207 9
2 0.265578 0.23356 0.0320903 0.0530034 10
2 0.213645 0.201098 0.0244166 0.0372995 17
2 0.236342 0.218338 0.0288412 0.0370655 34
2 0.178685 0.207211 0.0268425 0.034961 38
0 0.463766 0.202162 0.00620626 0.0316979 42
