2 0.358663 0.408803 0.0991836 0.134049 1
7 0.356412 0.184171 0.0331552 0.0524432 2
2 0.506393 0.383033 0.0924272 0.122994 3
7 0.386006 0.301873 0.0757941 0.10663 4
2 0.264039 0.292263 0.0577418 0.0712125 5
2 0.407899 0.211086 0.0211439 0.0295247 6
2 0.227367 0.256986 0.0444162 0.0587985 7
2 0.533567 0.244777 0.0307922 0.0390976 8
7 0.444092 0.218582 0.0244513 0.0347991 9
2 0.254507 0.227188 0.0309016 0.0506855 10
2 0.208447 0.199123 0.0245373 0.0351123 17
2 0.228221 0.212283 0.0252878 0.0333513 34
2 0.444648 0.218534 0.0250003 0.034766 36
2 0.17491 0.204842 0.0257034 0.0340256 38
