2 0.352527 0.191172 0.0157869 0.0228883 8
2 0.984055 0.707498 0.0318903 0.299106 17
2 0.703392 0.720524 0.256499 0.304768 38
2 0.360616 0.369419 0.0923989 0.13257 72
2 0.580241 0.42925 0.116904 0.135202 74
2 0.475893 0.354492 0.0944945 0.130273 91
2 0.228374 0.255465 0.0474838 0.0591708 118
2 0.355122 0.289237 0.0604617 0.0693675 184
7 0.640519 0.268624 0.040555 0.049945 190
7 0.155882 0.15836 0.0292676 0.0700974 123
2 0.305792 0.257915 0.0460951 0.0574947 205
7 0.45252 0.217321 0.0296267 0.0432523 97
2 0.17034 0.200775 0.0280748 0.036198 216
2 0.203806 0.189735 0.0227268 0.0327483 235
2 0.538134 0.241094 0.0277381 0.0338052 242
2 0.503728 0.236449 0.0320922 0.041756 134
2 0.183183 0.177347 0.0190606 0.0235278 260
2 0.0660817 0.155056 0.0178289 0.0241644 276
