2 0.383923 0.199723 0.0179543 0.0256669 8
2 0.436654 0.328447 0.0819796 0.120242 17
2 0.658662 0.483363 0.139769 0.16069 34
2 0.324338 0.339354 0.0779625 0.100408 38
2 0.245034 0.266506 0.050258 0.0726896 72
2 0.348133 0.284745 0.0545319 0.0691187 74
2 0.310572 0.25616 0.0487873 0.0674412 91
2 0.172137 0.216013 0.0337783 0.0430249 118
2 0.644097 0.275075 0.0510213 0.0548188 134
2 0.273119 0.238365 0.0355334 0.0484024 184
2 0.0915749 0.162481 0.016843 0.0195939 186
7 0.848166 0.324768 0.0639069 0.0698213 190
7 0.148043 0.150617 0.026185 0.0536054 123
2 0.248359 0.21766 0.0267333 0.0325891 205
7 0.547538 0.247199 0.0390102 0.0508315 97
7 0.644679 0.275108 0.0512367 0.0553946 210
2 0.547832 0.247315 0.0390525 0.0513691 211
