2 0.344388 0.185564 0.0161318 0.0222151 8
2 0.433576 0.432476 0.120052 0.181367 72
2 0.756388 0.542282 0.175361 0.191056 74
2 0.583702 0.418552 0.126296 0.169907 91
2 0.252424 0.270782 0.0534025 0.0689582 118
2 0.399313 0.31403 0.0700054 0.0818325 184
7 0.599852 0.254514 0.0361186 0.0463401 190
7 0.159635 0.15818 0.0329916 0.0746231 123
2 0.332157 0.27268 0.0529429 0.0656549 205
7 0.432011 0.208929 0.0265386 0.0410233 97
2 0.184766 0.205295 0.0291297 0.0379628 216
2 0.210736 0.190252 0.0250577 0.036823 235
2 0.512502 0.231249 0.0253242 0.0324036 242
2 0.475262 0.225478 0.0285564 0.0357599 134
2 0.187283 0.17672 0.0214184 0.0284341 260
2 0.078588 0.154767 0.0180249 0.0240221 276
