2 0.386503 0.200614 0.0185173 0.0256613 8
2 0.42255 0.320635 0.0793795 0.115188 17
2 0.622808 0.461047 0.128024 0.149179 34
2 0.315387 0.330476 0.0744304 0.0986959 38
2 0.240451 0.263449 0.048553 0.0708452 72
2 0.341575 0.280841 0.0507762 0.0685002 74
2 0.304746 0.252661 0.0470952 0.0658439 91
2 0.16963 0.213934 0.0326285 0.04187 118
2 0.654584 0.279222 0.0493876 0.0556044 134
2 0.270034 0.236419 0.0340612 0.0462788 184
2 0.0896863 0.163618 0.0166384 0.0194547 186
7 0.867284 0.33121 0.0657049 0.0711667 190
7 0.147375 0.149849 0.0251472 0.0517859 123
2 0.245331 0.216415 0.0285038 0.0339889 205
