2 0.361146 0.190562 0.0166506 0.0235881 8
2 0.734976 0.505561 0.174633 0.237299 17
2 0.49684 0.509004 0.150932 0.188811 38
2 0.31277 0.322306 0.0732238 0.103187 72
2 0.475823 0.358754 0.0866407 0.103136 74
2 0.404784 0.308258 0.0747624 0.101719 91
2 0.20792 0.237907 0.0406567 0.0520372 118
2 0.321139 0.268922 0.0521063 0.0653542 184
7 0.690514 0.28073 0.0453691 0.0546314 190
7 0.153451 0.153684 0.0288848 0.0663679 123
2 0.284359 0.242429 0.0419847 0.0521621 205
7 0.47718 0.22449 0.0306705 0.0422651 97
2 0.159414 0.189099 0.0256248 0.0378777 216
2 0.197898 0.182901 0.0227073 0.0301426 235
2 0.567723 0.248077 0.0290653 0.0366353 242
2 0.537579 0.242753 0.0347714 0.0436791 134
