2 0.394962 0.200074 0.0191625 0.0269514 8
2 0.885956 0.613423 0.225313 0.277925 10
2 0.379829 0.29046 0.0693144 0.0983622 17
2 0.517552 0.390791 0.0970455 0.120518 34
2 0.287378 0.30006 0.0653976 0.0857535 38
2 0.226075 0.246821 0.0445153 0.0641473 72
2 0.316335 0.259698 0.0436289 0.0579348 74
2 0.283682 0.235486 0.0404715 0.0536201 91
7 0.587897 0.256169 0.0421429 0.0547142 97
2 0.159764 0.204078 0.0299305 0.0401135 118
7 0.703815 0.289736 0.0531649 0.0619415 134
2 0.256097 0.223687 0.0283011 0.0409474 184
2 0.0810118 0.158825 0.0163201 0.0194517 186
7 0.950779 0.350708 0.0788844 0.0786696 190
7 0.145917 0.147704 0.0243839 0.0518693 123
