2 0.334609 0.185472 0.0141582 0.0213833 8
2 0.617746 0.613562 0.207002 0.290578 72
2 0.860674 0.592598 0.227438 0.278918 91
2 0.294333 0.305532 0.066229 0.0857604 118
2 0.482631 0.372731 0.0922566 0.111518 184
2 0.556319 0.245185 0.0327705 0.0429428 190
7 0.162757 0.162861 0.0358049 0.0806819 123
2 0.379275 0.303032 0.0641678 0.0809894 205
2 0.40912 0.204451 0.0248624 0.0357666 97
2 0.204856 0.218705 0.0333212 0.0428944 216
2 0.222961 0.199618 0.0234326 0.0393925 235
2 0.483657 0.226103 0.0233949 0.0300181 242
2 0.444558 0.218335 0.02516 0.0345216 134
2 0.194936 0.182392 0.0202059 0.0279954 260
2 0.895621 0.337023 0.0648258 0.0695889 289
2 0.0922171 0.158799 0.0190057 0.0235657 276
