2 0.374982 0.195698 0.0173479 0.0252072 8
2 0.509041 0.370561 0.102944 0.148826 17
2 0.884221 0.626004 0.218787 0.231009 34
2 0.368523 0.380773 0.0949794 0.121708 38
2 0.266056 0.280793 0.0572065 0.0825145 72
2 0.385413 0.303504 0.0644426 0.0798529 74
2 0.338914 0.270904 0.0559343 0.0781561 91
2 0.185844 0.221668 0.0371296 0.0471637 118
2 0.291224 0.246902 0.0362324 0.0543138 184
2 0.0999004 0.162484 0.0158552 0.0199237 186
7 0.779089 0.305432 0.0557183 0.0622595 190
7 0.150385 0.148316 0.0252372 0.0543229 123
2 0.259364 0.229801 0.0347351 0.0514016 205
2 0.517925 0.237246 0.0353882 0.047423 97
2 0.145508 0.186307 0.0217999 0.0278123 216
2 0.60475 0.261388 0.0562973 0.049459 134
7 0.51804 0.237479 0.0353499 0.0478647 229
