2 0.819198 0.824011 0.341599 0.348026 7
2 0.409638 0.208712 0.0204761 0.0284656 8
2 0.357694 0.194276 0.017989 0.0279647 9
2 0.599047 0.43788 0.125865 0.167964 10
2 0.329033 0.267489 0.0557286 0.0802097 17
2 0.416573 0.330901 0.0718214 0.0895044 34
2 0.255333 0.276969 0.0533384 0.0694235 38
2 0.20859 0.236967 0.0385928 0.0559422 72
2 0.285313 0.245547 0.0366867 0.0497542 74
2 0.259094 0.223606 0.0333672 0.0418348 91
7 0.650151 0.277504 0.0497005 0.0612123 97
2 0.146997 0.201508 0.0289008 0.0364065 118
2 0.767769 0.305368 0.0421649 0.0488808 121
7 0.805813 0.323508 0.0664269 0.0708078 134
0 0.463245 0.199867 0.00884352 0.0309869 139
7 0.14228 0.153062 0.0229524 0.0546155 123
