7 0.898195 0.633526 0.203609 0.320209 4
2 0.455532 0.482596 0.130439 0.159215 5
2 0.364933 0.198382 0.0181453 0.0251119 6
2 0.329202 0.355862 0.0849506 0.111195 7
2 0.457643 0.221534 0.0234969 0.0327018 8
2 0.391256 0.203358 0.0204746 0.0307766 9
2 0.341951 0.280876 0.0554204 0.0799839 10
2 0.252544 0.222708 0.0352858 0.0519034 17
2 0.287082 0.251165 0.0412138 0.0515201 34
2 0.204729 0.230465 0.0356259 0.0454095 38
2 0.178742 0.208544 0.0281212 0.0396467 72
2 0.227669 0.213025 0.0238116 0.0331799 74
7 0.326484 0.17555 0.0280632 0.0469635 2
2 0.205552 0.196395 0.0335129 0.0310141 91
7 0.956579 0.366574 0.0857108 0.0941214 97
