2 0.353828 0.191021 0.0164074 0.0231262 8
2 0.950862 0.686645 0.0982768 0.346224 17
2 0.662728 0.67735 0.233648 0.280551 38
2 0.353658 0.360842 0.0886461 0.129679 72
2 0.562193 0.416866 0.112051 0.130078 74
2 0.464478 0.347014 0.0912765 0.1247 91
2 0.224848 0.252431 0.0471486 0.0593519 118
2 0.349938 0.280465 0.0579715 0.057339 184
7 0.646492 0.270537 0.0414126 0.0500059 190
7 0.155339 0.158192 0.02948 0.0703886 123
2 0.302612 0.255495 0.0461798 0.0558495 205
7 0.456151 0.21827 0.0286759 0.0423627 97
2 0.16922 0.198919 0.0272977 0.0355675 216
2 0.2031 0.188516 0.0227163 0.0339241 235
2 0.541503 0.241695 0.0281338 0.0355376 242
2 0.507845 0.237302 0.0327404 0.0417786 134
2 0.182539 0.175881 0.0196329 0.0260471 260
7 0.508366 0.237912 0.0328107 0.0417305 274
