2 0.382926 0.19859 0.0176781 0.0254909 8
2 0.443862 0.332411 0.0850626 0.122994 17
2 0.679116 0.49625 0.145275 0.166605 34
2 0.328769 0.342985 0.0793874 0.102764 38
2 0.247225 0.266834 0.0510422 0.0756182 72
2 0.352089 0.286888 0.0551302 0.0696272 74
2 0.313287 0.257031 0.0492435 0.0687738 91
2 0.173988 0.21627 0.032432 0.0431289 118
2 0.638905 0.272963 0.0516228 0.054356 134
2 0.27558 0.238948 0.0350128 0.0486245 184
2 0.0931527 0.161851 0.0166715 0.0191814 186
7 0.8395 0.322601 0.061338 0.0688149 190
7 0.148576 0.151528 0.0272498 0.0564732 123
2 0.249276 0.218325 0.0285545 0.0323113 205
7 0.544042 0.245428 0.0382492 0.0518951 97
